001  Mirza moved 3 in 0.05866265296936035 sec.

1     5 5 5 0 4 4

      4 4 4 4 4 4    0

001  Mirza moved 4 in 0.01401209831237793 sec.

2     6 6 0 0 4 4

      5 5 4 4 4 4    0

001  P5 moved 2 in 0.029699325561523438 sec.

2     6 6 0 0 4 4

      5 0 5 5 5 5    1

001  P5 moved 3 in 0.04624199867248535 sec.

2     6 6 0 0 4 5

      5 0 0 6 6 6    2

001  Mirza moved 1 in 0.07768988609313965 sec.

2     7 7 1 1 5 0

      5 0 0 6 6 6    2

001  P5 moved 4 in 0.06235051155090332 sec.

2     7 7 1 2 6 1

      5 0 0 0 7 7    3

001  Mirza moved 1 in 0.04665350914001465 sec.

2     7 7 1 2 7 0

      5 0 0 0 7 7    3

001  P5 moved 5 in 0.0620274543762207 sec.

2     7 8 2 3 8 1

      5 0 0 0 0 8    4

001  Mirza moved 1 in 0.06423163414001465 sec.

2     7 8 2 3 9 0

      5 0 0 0 0 8    4

001  P5 moved 6 in 0.04710125923156738 sec.

2     8 9 3 4 10 1

      6 0 0 0 0 0    5

001  Mirza moved 4 in 0.09092164039611816 sec.

3     9 10 0 4 10 1

      6 0 0 0 0 0    5

001  Mirza moved 3 in 0.03102397918701172 sec.

4     10 11 1 0 10 1

      6 0 0 0 0 0    5

001  Mirza moved 2 in 0.029696226119995117 sec.

5     11 12 2 1 0 1

      7 1 1 1 1 0    5

001  P5 moved 5 in 0.062120676040649414 sec.

5     11 12 2 1 0 0

      7 1 1 1 0 0    7

001  Mirza moved 4 in 0.07729005813598633 sec.

5     12 13 0 1 0 0

      7 1 1 1 0 0    7

001  P5 moved 2 in 0.061707496643066406 sec.

5     12 13 0 1 0 0

      7 0 2 1 0 0    7

001  Mirza moved 3 in 0.04570627212524414 sec.

8     12 13 0 0 0 0

      7 0 0 1 0 0    7

001  P5 moved 4 in 0.07871389389038086 sec.

8     12 13 0 0 0 0

      7 0 0 0 0 0    8

001  Mirza moved 5 in 0.04663228988647461 sec.

11     13 0 1 1 1 1

       8 0 1 1 1 1    8

001  P5 moved 6 in 0.04863476753234863 sec.

11     13 0 1 1 1 1

       8 0 1 1 1 0    9

001  P5 moved 1 in 0.07676863670349121 sec.

11     13 0 1 1 2 2

       0 1 2 2 2 1    10

001  Mirza moved 6 in 0.0807034969329834 sec.

14     0 1 2 2 3 3

       0 2 3 3 3 2    10

001  P5 moved 4 in 0.0615994930267334 sec.

14     0 1 2 2 3 3

       0 2 3 0 4 3    11

001  P5 moved 2 in 0.07814764976501465 sec.

14     0 1 2 0 3 3

       0 0 4 0 4 3    14

001  Mirza moved 4 in 0.0630946159362793 sec.

15     0 2 0 0 3 3

       0 0 4 0 4 3    14

001  P5 moved 3 in 0.06309866905212402 sec.

15     0 2 0 0 3 3

       0 0 0 1 5 4    15

001  P5 moved 5 in 0.0791170597076416 sec.

15     0 2 0 1 4 4

       0 0 0 1 0 5    16

001  Mirza moved 5 in 0.04621529579162598 sec.

16     1 0 0 1 4 4

       0 0 0 1 0 5    16

001  Mirza moved 6 in 0.0610957145690918 sec.

17     0 0 0 1 4 4

       0 0 0 1 0 5    16

001  Mirza moved 2 in 0.047043800354003906 sec.

18     0 1 1 2 0 4

       0 0 0 1 0 5    16

001  P5 moved 4 in 0.04755735397338867 sec.

18     0 1 1 2 0 4

       0 0 0 0 0 5    17

001  Mirza moved 5 in 0.0470426082611084 sec.

19     0 0 1 2 0 4

       0 0 0 0 0 5    17

001  P5 moved 6 in 0.04657244682312012 sec.

19     0 0 2 3 1 5

       0 0 0 0 0 0    18

000  The game ended correctly. P5: 18 Mirza: 30

000  Mirza win!

