001  P5 moved 3 in 0.04019045829772949 sec.

0     4 4 4 4 4 4

      4 4 0 5 5 5    1

001  P5 moved 4 in 0.07869672775268555 sec.

0     4 4 4 4 5 5

      4 4 0 0 6 6    2

001  Mirza moved 3 in 0.015538454055786133 sec.

1     5 5 5 0 5 5

      4 4 0 0 6 6    2

001  Mirza moved 2 in 0.061324357986450195 sec.

2     6 6 6 1 0 5

      4 4 0 0 6 6    2

001  Mirza moved 1 in 0.04800581932067871 sec.

2     7 7 7 2 1 0

      4 4 0 0 6 6    2

001  P5 moved 5 in 0.03169822692871094 sec.

2     7 7 8 3 2 1

      4 4 0 0 0 7    3

001  Mirza moved 2 in 0.061676025390625 sec.

2     7 7 9 4 0 1

      4 4 0 0 0 7    3

001  P5 moved 1 in 0.06100749969482422 sec.

2     7 7 9 4 0 1

      0 5 1 1 0 7    4

001  Mirza moved 3 in 0.04755973815917969 sec.

3     8 8 10 0 0 1

      0 5 1 1 0 7    4

001  Mirza moved 4 in 0.06319046020507812 sec.

4     9 9 0 0 0 2

      1 6 2 2 1 8    4

001  P5 moved 6 in 0.047127485275268555 sec.

4     10 10 1 1 1 3

      2 6 2 2 1 0    5

001  Mirza moved 1 in 0.07754707336425781 sec.

4     10 10 2 2 2 0

      2 6 2 2 1 0    5

001  P5 moved 2 in 0.06123614311218262 sec.

4     10 10 2 2 2 1

      2 0 3 3 2 1    6

001  Mirza moved 1 in 0.0450437068939209 sec.

4     10 10 2 2 3 0

      2 0 3 3 2 1    6

001  P5 moved 4 in 0.03207755088806152 sec.

4     10 10 2 2 3 0

      2 0 3 0 3 2    7

001  P5 moved 5 in 0.029738903045654297 sec.

4     10 10 2 2 3 1

      2 0 3 0 0 3    8

001  Mirza moved 4 in 0.06260275840759277 sec.

4     11 11 0 2 3 1

      2 0 3 0 0 3    8

001  P5 moved 3 in 0.04717850685119629 sec.

4     11 11 0 2 3 1

      2 0 0 1 1 4    8

001  Mirza moved 1 in 0.06213951110839844 sec.

4     11 11 0 2 4 0

      2 0 0 1 1 4    8

001  P5 moved 1 in 0.06067228317260742 sec.

4     11 11 0 2 4 0

      0 1 0 1 1 4    9

001  Mirza moved 6 in 0.0632326602935791 sec.

7     0 11 0 3 5 1

      1 2 0 2 2 5    9

001  P5 moved 5 in 0.04819798469543457 sec.

7     0 11 0 3 5 1

      1 2 0 2 0 6    10

001  P5 moved 6 in 0.09491515159606934 sec.

7     0 12 1 4 6 2

      1 2 0 2 0 0    11

001  Mirza moved 3 in 0.04665184020996094 sec.

8     1 13 2 0 6 2

      1 2 0 2 0 0    11

001  Mirza moved 1 in 0.0630185604095459 sec.

11     1 13 2 0 7 0

       1 2 0 0 0 0    11

001  P5 moved 2 in 0.076324462890625 sec.

11     1 13 2 0 7 0

       1 0 1 0 0 0    12

001  Mirza moved 6 in 0.04809761047363281 sec.

12     0 13 2 0 7 0

       1 0 1 0 0 0    12

001  Mirza moved 4 in 0.061895132064819336 sec.

14     0 14 0 0 7 0

       0 0 1 0 0 0    12

001  P5 moved 3 in 0.06217837333679199 sec.

14     0 14 0 0 7 0

       0 0 0 0 0 0    13

000  The game ended correctly. P5: 13 Mirza: 35

000  Mirza win!

