001  Mirza moved 3 in 0.06219363212585449 sec.

1     5 5 5 0 4 4

      4 4 4 4 4 4    0

001  Mirza moved 4 in 0.07896924018859863 sec.

2     6 6 0 0 4 4

      5 5 4 4 4 4    0

001  P5 moved 2 in 0.03052353858947754 sec.

2     6 6 0 0 4 4

      5 0 5 5 5 5    1

001  P5 moved 3 in 0.06313705444335938 sec.

2     6 6 0 0 4 5

      5 0 0 6 6 6    2

001  Mirza moved 1 in 0.0305478572845459 sec.

2     7 7 1 1 5 0

      5 0 0 6 6 6    2

001  P5 moved 4 in 0.061595916748046875 sec.

2     7 7 1 2 6 1

      5 0 0 0 7 7    3

001  Mirza moved 1 in 0.014516353607177734 sec.

2     7 7 1 2 7 0

      5 0 0 0 7 7    3

001  P5 moved 5 in 0.04590487480163574 sec.

2     7 8 2 3 8 1

      5 0 0 0 0 8    4

001  Mirza moved 1 in 0.04661822319030762 sec.

2     7 8 2 3 9 0

      5 0 0 0 0 8    4

001  P5 moved 6 in 0.060126304626464844 sec.

2     8 9 3 4 10 1

      6 0 0 0 0 0    5

001  Mirza moved 4 in 0.06265926361083984 sec.

3     9 10 0 4 10 1

      6 0 0 0 0 0    5

001  Mirza moved 3 in 0.0621182918548584 sec.

4     10 11 1 0 10 1

      6 0 0 0 0 0    5

001  Mirza moved 2 in 0.06311607360839844 sec.

5     11 12 2 1 0 1

      7 1 1 1 1 0    5

001  P5 moved 5 in 0.01552891731262207 sec.

5     11 12 2 1 0 0

      7 1 1 1 0 0    7

001  Mirza moved 4 in 0.09171676635742188 sec.

5     12 13 0 1 0 0

      7 1 1 1 0 0    7

001  P5 moved 2 in 0.07770347595214844 sec.

5     12 13 0 1 0 0

      7 0 2 1 0 0    7

001  Mirza moved 3 in 0.07812643051147461 sec.

8     12 13 0 0 0 0

      7 0 0 1 0 0    7

001  P5 moved 4 in 0.04605221748352051 sec.

8     12 13 0 0 0 0

      7 0 0 0 0 0    8

001  Mirza moved 5 in 0.031551361083984375 sec.

11     13 0 1 1 1 1

       8 0 1 1 1 1    8

001  P5 moved 6 in 0.04554152488708496 sec.

11     13 0 1 1 1 1

       8 0 1 1 1 0    9

001  P5 moved 1 in 0.03056812286376953 sec.

11     13 0 1 1 2 2

       0 1 2 2 2 1    10

001  Mirza moved 6 in 0.015517711639404297 sec.

14     0 1 2 2 3 3

       0 2 3 3 3 2    10

001  P5 moved 4 in 0.06311631202697754 sec.

14     0 1 2 2 3 3

       0 2 3 0 4 3    11

001  P5 moved 2 in 0.07916069030761719 sec.

14     0 1 2 0 3 3

       0 0 4 0 4 3    14

001  Mirza moved 4 in 0.0636298656463623 sec.

15     0 2 0 0 3 3

       0 0 4 0 4 3    14

001  P5 moved 3 in 0.06288027763366699 sec.

15     0 2 0 0 3 3

       0 0 0 1 5 4    15

001  P5 moved 5 in 0.062108755111694336 sec.

15     0 2 0 1 4 4

       0 0 0 1 0 5    16

001  Mirza moved 5 in 0.062053680419921875 sec.

16     1 0 0 1 4 4

       0 0 0 1 0 5    16

001  Mirza moved 6 in 0.062300920486450195 sec.

17     0 0 0 1 4 4

       0 0 0 1 0 5    16

001  Mirza moved 2 in 0.031546592712402344 sec.

18     0 1 1 2 0 4

       0 0 0 1 0 5    16

001  P5 moved 4 in 0.047121286392211914 sec.

18     0 1 1 2 0 4

       0 0 0 0 0 5    17

001  Mirza moved 5 in 0.016057729721069336 sec.

19     0 0 1 2 0 4

       0 0 0 0 0 5    17

001  P5 moved 6 in 0.07892131805419922 sec.

19     0 0 2 3 1 5

       0 0 0 0 0 0    18

000  The game ended correctly. P5: 18 Mirza: 30

000  Mirza win!

