001  Mirza moved 3 in 0.026249170303344727 sec.

1     5 5 5 0 4 4

      4 4 4 4 4 4    0

001  Mirza moved 4 in 0.06091451644897461 sec.

2     6 6 0 0 4 4

      5 5 4 4 4 4    0

001  P5 moved 2 in 0.04578042030334473 sec.

2     6 6 0 0 4 4

      5 0 5 5 5 5    1

001  P5 moved 3 in 0.06306242942810059 sec.

2     6 6 0 0 4 5

      5 0 0 6 6 6    2

001  Mirza moved 1 in 0.03151988983154297 sec.

2     7 7 1 1 5 0

      5 0 0 6 6 6    2

001  P5 moved 4 in 0.06386065483093262 sec.

2     7 7 1 2 6 1

      5 0 0 0 7 7    3

001  Mirza moved 1 in 0.06318330764770508 sec.

2     7 7 1 2 7 0

      5 0 0 0 7 7    3

001  P5 moved 5 in 0.06107926368713379 sec.

2     7 8 2 3 8 1

      5 0 0 0 0 8    4

001  Mirza moved 1 in 0.06136345863342285 sec.

2     7 8 2 3 9 0

      5 0 0 0 0 8    4

001  P5 moved 6 in 0.06179404258728027 sec.

2     8 9 3 4 10 1

      6 0 0 0 0 0    5

001  Mirza moved 4 in 0.047611236572265625 sec.

3     9 10 0 4 10 1

      6 0 0 0 0 0    5

001  Mirza moved 3 in 0.02967524528503418 sec.

4     10 11 1 0 10 1

      6 0 0 0 0 0    5

001  Mirza moved 2 in 0.07902884483337402 sec.

5     11 12 2 1 0 1

      7 1 1 1 1 0    5

001  P5 moved 5 in 0.04795479774475098 sec.

5     11 12 2 1 0 0

      7 1 1 1 0 0    7

001  Mirza moved 4 in 0.0307004451751709 sec.

5     12 13 0 1 0 0

      7 1 1 1 0 0    7

001  P5 moved 2 in 0.06113004684448242 sec.

5     12 13 0 1 0 0

      7 0 2 1 0 0    7

001  Mirza moved 3 in 0.04671525955200195 sec.

8     12 13 0 0 0 0

      7 0 0 1 0 0    7

001  P5 moved 4 in 0.031121015548706055 sec.

8     12 13 0 0 0 0

      7 0 0 0 0 0    8

001  Mirza moved 5 in 0.04615664482116699 sec.

11     13 0 1 1 1 1

       8 0 1 1 1 1    8

001  P5 moved 6 in 0.031078338623046875 sec.

11     13 0 1 1 1 1

       8 0 1 1 1 0    9

001  P5 moved 1 in 0.0776360034942627 sec.

11     13 0 1 1 2 2

       0 1 2 2 2 1    10

001  Mirza moved 6 in 0.04510164260864258 sec.

14     0 1 2 2 3 3

       0 2 3 3 3 2    10

001  P5 moved 4 in 0.06310224533081055 sec.

14     0 1 2 2 3 3

       0 2 3 0 4 3    11

001  P5 moved 2 in 0.03156280517578125 sec.

14     0 1 2 0 3 3

       0 0 4 0 4 3    14

001  Mirza moved 4 in 0.09391522407531738 sec.

15     0 2 0 0 3 3

       0 0 4 0 4 3    14

001  P5 moved 3 in 0.015630245208740234 sec.

15     0 2 0 0 3 3

       0 0 0 1 5 4    15

001  P5 moved 5 in 0.04605579376220703 sec.

15     0 2 0 1 4 4

       0 0 0 1 0 5    16

001  Mirza moved 5 in 0.04742026329040527 sec.

16     1 0 0 1 4 4

       0 0 0 1 0 5    16

001  Mirza moved 6 in 0.06126260757446289 sec.

17     0 0 0 1 4 4

       0 0 0 1 0 5    16

001  Mirza moved 2 in 0.06426715850830078 sec.

18     0 1 1 2 0 4

       0 0 0 1 0 5    16

001  P5 moved 4 in 0.03035712242126465 sec.

18     0 1 1 2 0 4

       0 0 0 0 0 5    17

001  Mirza moved 5 in 0.04765939712524414 sec.

19     0 0 1 2 0 4

       0 0 0 0 0 5    17

001  P5 moved 6 in 0.03108954429626465 sec.

19     0 0 2 3 1 5

       0 0 0 0 0 0    18

000  The game ended correctly. P5: 18 Mirza: 30

000  Mirza win!

