001  P5 moved 3 in 0.07512974739074707 sec.

0     4 4 4 4 4 4

      4 4 0 5 5 5    1

001  P5 moved 4 in 0.031054973602294922 sec.

0     4 4 4 4 5 5

      4 4 0 0 6 6    2

001  Mirza moved 3 in 0.04561781883239746 sec.

1     5 5 5 0 5 5

      4 4 0 0 6 6    2

001  Mirza moved 2 in 0.045697689056396484 sec.

2     6 6 6 1 0 5

      4 4 0 0 6 6    2

001  Mirza moved 1 in 0.04670286178588867 sec.

2     7 7 7 2 1 0

      4 4 0 0 6 6    2

001  P5 moved 5 in 0.06313347816467285 sec.

2     7 7 8 3 2 1

      4 4 0 0 0 7    3

001  Mirza moved 2 in 0.047258853912353516 sec.

2     7 7 9 4 0 1

      4 4 0 0 0 7    3

001  P5 moved 1 in 0.09294271469116211 sec.

2     7 7 9 4 0 1

      0 5 1 1 0 7    4

001  Mirza moved 3 in 0.06405401229858398 sec.

3     8 8 10 0 0 1

      0 5 1 1 0 7    4

001  Mirza moved 4 in 0.04712080955505371 sec.

4     9 9 0 0 0 2

      1 6 2 2 1 8    4

001  P5 moved 6 in 0.04686713218688965 sec.

4     10 10 1 1 1 3

      2 6 2 2 1 0    5

001  Mirza moved 1 in 0.032087087631225586 sec.

4     10 10 2 2 2 0

      2 6 2 2 1 0    5

001  P5 moved 2 in 0.06136894226074219 sec.

4     10 10 2 2 2 1

      2 0 3 3 2 1    6

001  Mirza moved 1 in 0.06268692016601562 sec.

4     10 10 2 2 3 0

      2 0 3 3 2 1    6

001  P5 moved 4 in 0.030550479888916016 sec.

4     10 10 2 2 3 0

      2 0 3 0 3 2    7

001  P5 moved 5 in 0.03141021728515625 sec.

4     10 10 2 2 3 1

      2 0 3 0 0 3    8

001  Mirza moved 4 in 0.07783174514770508 sec.

4     11 11 0 2 3 1

      2 0 3 0 0 3    8

001  P5 moved 3 in 0.047235727310180664 sec.

4     11 11 0 2 3 1

      2 0 0 1 1 4    8

001  Mirza moved 1 in 0.06370091438293457 sec.

4     11 11 0 2 4 0

      2 0 0 1 1 4    8

001  P5 moved 1 in 0.06287837028503418 sec.

4     11 11 0 2 4 0

      0 1 0 1 1 4    9

001  Mirza moved 6 in 0.01549220085144043 sec.

7     0 11 0 3 5 1

      1 2 0 2 2 5    9

001  P5 moved 5 in 0.061881065368652344 sec.

7     0 11 0 3 5 1

      1 2 0 2 0 6    10

001  P5 moved 6 in 0.06268668174743652 sec.

7     0 12 1 4 6 2

      1 2 0 2 0 0    11

001  Mirza moved 3 in 0.04749798774719238 sec.

8     1 13 2 0 6 2

      1 2 0 2 0 0    11

001  Mirza moved 1 in 0.0458676815032959 sec.

11     1 13 2 0 7 0

       1 2 0 0 0 0    11

001  P5 moved 2 in 0.04598736763000488 sec.

11     1 13 2 0 7 0

       1 0 1 0 0 0    12

001  Mirza moved 6 in 0.07852029800415039 sec.

12     0 13 2 0 7 0

       1 0 1 0 0 0    12

001  Mirza moved 4 in 0.09299206733703613 sec.

14     0 14 0 0 7 0

       0 0 1 0 0 0    12

001  P5 moved 3 in 0.03072047233581543 sec.

14     0 14 0 0 7 0

       0 0 0 0 0 0    13

000  The game ended correctly. P5: 13 Mirza: 35

000  Mirza win!

