001  P5 moved 3 in 0.06876254081726074 sec.

0     4 4 4 4 4 4

      4 4 0 5 5 5    1

001  P5 moved 4 in 0.030088186264038086 sec.

0     4 4 4 4 5 5

      4 4 0 0 6 6    2

001  Mirza moved 3 in 0.07871603965759277 sec.

1     5 5 5 0 5 5

      4 4 0 0 6 6    2

001  Mirza moved 2 in 0.015466928482055664 sec.

2     6 6 6 1 0 5

      4 4 0 0 6 6    2

001  Mirza moved 1 in 0.06313848495483398 sec.

2     7 7 7 2 1 0

      4 4 0 0 6 6    2

001  P5 moved 5 in 0.04707479476928711 sec.

2     7 7 8 3 2 1

      4 4 0 0 0 7    3

001  Mirza moved 2 in 0.04679369926452637 sec.

2     7 7 9 4 0 1

      4 4 0 0 0 7    3

001  P5 moved 1 in 0.06114673614501953 sec.

2     7 7 9 4 0 1

      0 5 1 1 0 7    4

001  Mirza moved 3 in 0.04706382751464844 sec.

3     8 8 10 0 0 1

      0 5 1 1 0 7    4

001  Mirza moved 4 in 0.0621182918548584 sec.

4     9 9 0 0 0 2

      1 6 2 2 1 8    4

001  P5 moved 6 in 0.06278562545776367 sec.

4     10 10 1 1 1 3

      2 6 2 2 1 0    5

001  Mirza moved 1 in 0.06281876564025879 sec.

4     10 10 2 2 2 0

      2 6 2 2 1 0    5

001  P5 moved 2 in 0.029607295989990234 sec.

4     10 10 2 2 2 1

      2 0 3 3 2 1    6

001  Mirza moved 1 in 0.06156659126281738 sec.

4     10 10 2 2 3 0

      2 0 3 3 2 1    6

001  P5 moved 4 in 0.06311535835266113 sec.

4     10 10 2 2 3 0

      2 0 3 0 3 2    7

001  P5 moved 5 in 0.04677915573120117 sec.

4     10 10 2 2 3 1

      2 0 3 0 0 3    8

001  Mirza moved 4 in 0.07652759552001953 sec.

4     11 11 0 2 3 1

      2 0 3 0 0 3    8

001  P5 moved 3 in 0.04671430587768555 sec.

4     11 11 0 2 3 1

      2 0 0 1 1 4    8

001  Mirza moved 1 in 0.04712820053100586 sec.

4     11 11 0 2 4 0

      2 0 0 1 1 4    8

001  P5 moved 1 in 0.09587621688842773 sec.

4     11 11 0 2 4 0

      0 1 0 1 1 4    9

001  Mirza moved 6 in 0.046563148498535156 sec.

7     0 11 0 3 5 1

      1 2 0 2 2 5    9

001  P5 moved 5 in 0.030026674270629883 sec.

7     0 11 0 3 5 1

      1 2 0 2 0 6    10

001  P5 moved 6 in 0.04766726493835449 sec.

7     0 12 1 4 6 2

      1 2 0 2 0 0    11

001  Mirza moved 3 in 0.02936077117919922 sec.

8     1 13 2 0 6 2

      1 2 0 2 0 0    11

001  Mirza moved 1 in 0.04750561714172363 sec.

11     1 13 2 0 7 0

       1 2 0 0 0 0    11

001  P5 moved 2 in 0.06126523017883301 sec.

11     1 13 2 0 7 0

       1 0 1 0 0 0    12

001  Mirza moved 6 in 0.04607057571411133 sec.

12     0 13 2 0 7 0

       1 0 1 0 0 0    12

001  Mirza moved 4 in 0.03015613555908203 sec.

14     0 14 0 0 7 0

       0 0 1 0 0 0    12

001  P5 moved 3 in 0.04529547691345215 sec.

14     0 14 0 0 7 0

       0 0 0 0 0 0    13

000  The game ended correctly. P5: 13 Mirza: 35

000  Mirza win!

