001  P5 moved 3 in 0.0534663200378418 sec.

0     4 4 4 4 4 4

      4 4 0 5 5 5    1

001  P5 moved 4 in 0.030968666076660156 sec.

0     4 4 4 4 5 5

      4 4 0 0 6 6    2

001  Mirza moved 3 in 0.07782602310180664 sec.

1     5 5 5 0 5 5

      4 4 0 0 6 6    2

001  Mirza moved 2 in 0.030193328857421875 sec.

2     6 6 6 1 0 5

      4 4 0 0 6 6    2

001  Mirza moved 1 in 0.03109598159790039 sec.

2     7 7 7 2 1 0

      4 4 0 0 6 6    2

001  P5 moved 5 in 0.0641930103302002 sec.

2     7 7 8 3 2 1

      4 4 0 0 0 7    3

001  Mirza moved 2 in 0.0469059944152832 sec.

2     7 7 9 4 0 1

      4 4 0 0 0 7    3

001  P5 moved 1 in 0.0802311897277832 sec.

2     7 7 9 4 0 1

      0 5 1 1 0 7    4

001  Mirza moved 3 in 0.039472103118896484 sec.

3     8 8 10 0 0 1

      0 5 1 1 0 7    4

001  Mirza moved 4 in 0.062184810638427734 sec.

4     9 9 0 0 0 2

      1 6 2 2 1 8    4

001  P5 moved 6 in 0.06220388412475586 sec.

4     10 10 1 1 1 3

      2 6 2 2 1 0    5

001  Mirza moved 1 in 0.04667353630065918 sec.

4     10 10 2 2 2 0

      2 6 2 2 1 0    5

001  P5 moved 2 in 0.0791468620300293 sec.

4     10 10 2 2 2 1

      2 0 3 3 2 1    6

001  Mirza moved 1 in 0.04710674285888672 sec.

4     10 10 2 2 3 0

      2 0 3 3 2 1    6

001  P5 moved 4 in 0.04719710350036621 sec.

4     10 10 2 2 3 0

      2 0 3 0 3 2    7

001  P5 moved 5 in 0.06104230880737305 sec.

4     10 10 2 2 3 1

      2 0 3 0 0 3    8

001  Mirza moved 4 in 0.014209270477294922 sec.

4     11 11 0 2 3 1

      2 0 3 0 0 3    8

001  P5 moved 3 in 0.10890722274780273 sec.

4     11 11 0 2 3 1

      2 0 0 1 1 4    8

001  Mirza moved 1 in 0.045835018157958984 sec.

4     11 11 0 2 4 0

      2 0 0 1 1 4    8

001  P5 moved 1 in 0.03194856643676758 sec.

4     11 11 0 2 4 0

      0 1 0 1 1 4    9

001  Mirza moved 6 in 0.07475161552429199 sec.

7     0 11 0 3 5 1

      1 2 0 2 2 5    9

001  P5 moved 5 in 0.07621192932128906 sec.

7     0 11 0 3 5 1

      1 2 0 2 0 6    10

001  P5 moved 6 in 0.06242108345031738 sec.

7     0 12 1 4 6 2

      1 2 0 2 0 0    11

001  Mirza moved 3 in 0.015881061553955078 sec.

8     1 13 2 0 6 2

      1 2 0 2 0 0    11

001  Mirza moved 1 in 0.06113934516906738 sec.

11     1 13 2 0 7 0

       1 2 0 0 0 0    11

001  P5 moved 2 in 0.014585018157958984 sec.

11     1 13 2 0 7 0

       1 0 1 0 0 0    12

001  Mirza moved 6 in 0.06463050842285156 sec.

12     0 13 2 0 7 0

       1 0 1 0 0 0    12

001  Mirza moved 4 in 0.06274557113647461 sec.

14     0 14 0 0 7 0

       0 0 1 0 0 0    12

001  P5 moved 3 in 0.07787775993347168 sec.

14     0 14 0 0 7 0

       0 0 0 0 0 0    13

000  The game ended correctly. P5: 13 Mirza: 35

000  Mirza win!

