001  Mirza moved 3 in 0.06378483772277832 sec.

1     5 5 5 0 4 4

      4 4 4 4 4 4    0

001  Mirza moved 4 in 0.04662060737609863 sec.

2     6 6 0 0 4 4

      5 5 4 4 4 4    0

001  P5 moved 2 in 0.04756355285644531 sec.

2     6 6 0 0 4 4

      5 0 5 5 5 5    1

001  P5 moved 3 in 0.07585477828979492 sec.

2     6 6 0 0 4 5

      5 0 0 6 6 6    2

001  Mirza moved 1 in 0.061711788177490234 sec.

2     7 7 1 1 5 0

      5 0 0 6 6 6    2

001  P5 moved 4 in 0.030776023864746094 sec.

2     7 7 1 2 6 1

      5 0 0 0 7 7    3

001  Mirza moved 1 in 0.04517698287963867 sec.

2     7 7 1 2 7 0

      5 0 0 0 7 7    3

001  P5 moved 5 in 0.04668021202087402 sec.

2     7 8 2 3 8 1

      5 0 0 0 0 8    4

001  Mirza moved 1 in 0.04845595359802246 sec.

2     7 8 2 3 9 0

      5 0 0 0 0 8    4

001  P5 moved 6 in 0.062070369720458984 sec.

2     8 9 3 4 10 1

      6 0 0 0 0 0    5

001  Mirza moved 4 in 0.06131434440612793 sec.

3     9 10 0 4 10 1

      6 0 0 0 0 0    5

001  Mirza moved 3 in 0.029771089553833008 sec.

4     10 11 1 0 10 1

      6 0 0 0 0 0    5

001  Mirza moved 2 in 0.09416699409484863 sec.

5     11 12 2 1 0 1

      7 1 1 1 1 0    5

001  P5 moved 5 in 0.06111788749694824 sec.

5     11 12 2 1 0 0

      7 1 1 1 0 0    7

001  Mirza moved 4 in 0.03055882453918457 sec.

5     12 13 0 1 0 0

      7 1 1 1 0 0    7

001  P5 moved 2 in 0.06107020378112793 sec.

5     12 13 0 1 0 0

      7 0 2 1 0 0    7

001  Mirza moved 3 in 0.04656243324279785 sec.

8     12 13 0 0 0 0

      7 0 0 1 0 0    7

001  P5 moved 4 in 0.03155994415283203 sec.

8     12 13 0 0 0 0

      7 0 0 0 0 0    8

001  Mirza moved 5 in 0.06064605712890625 sec.

11     13 0 1 1 1 1

       8 0 1 1 1 1    8

001  P5 moved 6 in 0.06125998497009277 sec.

11     13 0 1 1 1 1

       8 0 1 1 1 0    9

001  P5 moved 1 in 0.09465956687927246 sec.

11     13 0 1 1 2 2

       0 1 2 2 2 1    10

001  Mirza moved 6 in 0.04720115661621094 sec.

14     0 1 2 2 3 3

       0 2 3 3 3 2    10

001  P5 moved 4 in 0.07802152633666992 sec.

14     0 1 2 2 3 3

       0 2 3 0 4 3    11

001  P5 moved 2 in 0.04756879806518555 sec.

14     0 1 2 0 3 3

       0 0 4 0 4 3    14

001  Mirza moved 4 in 0.06316065788269043 sec.

15     0 2 0 0 3 3

       0 0 4 0 4 3    14

001  P5 moved 3 in 0.03053593635559082 sec.

15     0 2 0 0 3 3

       0 0 0 1 5 4    15

001  P5 moved 5 in 0.03156256675720215 sec.

15     0 2 0 1 4 4

       0 0 0 1 0 5    16

001  Mirza moved 5 in 0.06312966346740723 sec.

16     1 0 0 1 4 4

       0 0 0 1 0 5    16

001  Mirza moved 6 in 0.07863569259643555 sec.

17     0 0 0 1 4 4

       0 0 0 1 0 5    16

001  Mirza moved 2 in 0.07812118530273438 sec.

18     0 1 1 2 0 4

       0 0 0 1 0 5    16

001  P5 moved 4 in 0.07665824890136719 sec.

18     0 1 1 2 0 4

       0 0 0 0 0 5    17

001  Mirza moved 5 in 0.0476069450378418 sec.

19     0 0 1 2 0 4

       0 0 0 0 0 5    17

001  P5 moved 6 in 0.06309890747070312 sec.

19     0 0 2 3 1 5

       0 0 0 0 0 0    18

000  The game ended correctly. P5: 18 Mirza: 30

000  Mirza win!

