001  P5 moved 3 in 0.026561498641967773 sec.

0     4 4 4 4 4 4

      4 4 0 5 5 5    1

001  P5 moved 4 in 0.03155517578125 sec.

0     4 4 4 4 5 5

      4 4 0 0 6 6    2

001  Mirza moved 3 in 0.04662680625915527 sec.

1     5 5 5 0 5 5

      4 4 0 0 6 6    2

001  Mirza moved 2 in 0.031023025512695312 sec.

2     6 6 6 1 0 5

      4 4 0 0 6 6    2

001  Mirza moved 1 in 0.07708930969238281 sec.

2     7 7 7 2 1 0

      4 4 0 0 6 6    2

001  P5 moved 5 in 0.015041589736938477 sec.

2     7 7 8 3 2 1

      4 4 0 0 0 7    3

001  Mirza moved 2 in 0.04656195640563965 sec.

2     7 7 9 4 0 1

      4 4 0 0 0 7    3

001  P5 moved 1 in 0.06209135055541992 sec.

2     7 7 9 4 0 1

      0 5 1 1 0 7    4

001  Mirza moved 3 in 0.0615839958190918 sec.

3     8 8 10 0 0 1

      0 5 1 1 0 7    4

001  Mirza moved 4 in 0.07788729667663574 sec.

4     9 9 0 0 0 2

      1 6 2 2 1 8    4

001  P5 moved 6 in 0.031063556671142578 sec.

4     10 10 1 1 1 3

      2 6 2 2 1 0    5

001  Mirza moved 1 in 0.01400446891784668 sec.

4     10 10 2 2 2 0

      2 6 2 2 1 0    5

001  P5 moved 2 in 0.04819011688232422 sec.

4     10 10 2 2 2 1

      2 0 3 3 2 1    6

001  Mirza moved 1 in 0.04745817184448242 sec.

4     10 10 2 2 3 0

      2 0 3 3 2 1    6

001  P5 moved 4 in 0.06060051918029785 sec.

4     10 10 2 2 3 0

      2 0 3 0 3 2    7

001  P5 moved 5 in 0.04665803909301758 sec.

4     10 10 2 2 3 1

      2 0 3 0 0 3    8

001  Mirza moved 4 in 0.06319713592529297 sec.

4     11 11 0 2 3 1

      2 0 3 0 0 3    8

001  P5 moved 3 in 0.06233954429626465 sec.

4     11 11 0 2 3 1

      2 0 0 1 1 4    8

001  Mirza moved 1 in 0.015735149383544922 sec.

4     11 11 0 2 4 0

      2 0 0 1 1 4    8

001  P5 moved 1 in 0.07813048362731934 sec.

4     11 11 0 2 4 0

      0 1 0 1 1 4    9

001  Mirza moved 6 in 0.04611539840698242 sec.

7     0 11 0 3 5 1

      1 2 0 2 2 5    9

001  P5 moved 5 in 0.04582571983337402 sec.

7     0 11 0 3 5 1

      1 2 0 2 0 6    10

001  P5 moved 6 in 0.0622408390045166 sec.

7     0 12 1 4 6 2

      1 2 0 2 0 0    11

001  Mirza moved 3 in 0.062168121337890625 sec.

8     1 13 2 0 6 2

      1 2 0 2 0 0    11

001  Mirza moved 1 in 0.061251163482666016 sec.

11     1 13 2 0 7 0

       1 2 0 0 0 0    11

001  P5 moved 2 in 0.031122207641601562 sec.

11     1 13 2 0 7 0

       1 0 1 0 0 0    12

001  Mirza moved 6 in 0.04814553260803223 sec.

12     0 13 2 0 7 0

       1 0 1 0 0 0    12

001  Mirza moved 4 in 0.06313896179199219 sec.

14     0 14 0 0 7 0

       0 0 1 0 0 0    12

001  P5 moved 3 in 0.06178712844848633 sec.

14     0 14 0 0 7 0

       0 0 0 0 0 0    13

000  The game ended correctly. P5: 13 Mirza: 35

000  Mirza win!

