001  Mirza moved 3 in 0.059169769287109375 sec.

1     5 5 5 0 4 4

      4 4 4 4 4 4    0

001  Mirza moved 4 in 0.06188464164733887 sec.

2     6 6 0 0 4 4

      5 5 4 4 4 4    0

001  P5 moved 2 in 0.031102895736694336 sec.

2     6 6 0 0 4 4

      5 0 5 5 5 5    1

001  P5 moved 3 in 0.062068939208984375 sec.

2     6 6 0 0 4 5

      5 0 0 6 6 6    2

001  Mirza moved 1 in 0.061716556549072266 sec.

2     7 7 1 1 5 0

      5 0 0 6 6 6    2

001  P5 moved 4 in 0.0627138614654541 sec.

2     7 7 1 2 6 1

      5 0 0 0 7 7    3

001  Mirza moved 1 in 0.07706093788146973 sec.

2     7 7 1 2 7 0

      5 0 0 0 7 7    3

001  P5 moved 5 in 0.06207585334777832 sec.

2     7 8 2 3 8 1

      5 0 0 0 0 8    4

001  Mirza moved 1 in 0.03070664405822754 sec.

2     7 8 2 3 9 0

      5 0 0 0 0 8    4

001  P5 moved 6 in 0.06234574317932129 sec.

2     8 9 3 4 10 1

      6 0 0 0 0 0    5

001  Mirza moved 4 in 0.04663801193237305 sec.

3     9 10 0 4 10 1

      6 0 0 0 0 0    5

001  Mirza moved 3 in 0.04644370079040527 sec.

4     10 11 1 0 10 1

      6 0 0 0 0 0    5

001  Mirza moved 2 in 0.03107285499572754 sec.

5     11 12 2 1 0 1

      7 1 1 1 1 0    5

001  P5 moved 5 in 0.047063350677490234 sec.

5     11 12 2 1 0 0

      7 1 1 1 0 0    7

001  Mirza moved 4 in 0.078765869140625 sec.

5     12 13 0 1 0 0

      7 1 1 1 0 0    7

001  P5 moved 2 in 0.03055429458618164 sec.

5     12 13 0 1 0 0

      7 0 2 1 0 0    7

001  Mirza moved 3 in 0.06307792663574219 sec.

8     12 13 0 0 0 0

      7 0 0 1 0 0    7

001  P5 moved 4 in 0.04609227180480957 sec.

8     12 13 0 0 0 0

      7 0 0 0 0 0    8

001  Mirza moved 5 in 0.01614212989807129 sec.

11     13 0 1 1 1 1

       8 0 1 1 1 1    8

001  P5 moved 6 in 0.0631093978881836 sec.

11     13 0 1 1 1 1

       8 0 1 1 1 0    9

001  P5 moved 1 in 0.03140616416931152 sec.

11     13 0 1 1 2 2

       0 1 2 2 2 1    10

001  Mirza moved 6 in 0.03095221519470215 sec.

14     0 1 2 2 3 3

       0 2 3 3 3 2    10

001  P5 moved 4 in 0.07780289649963379 sec.

14     0 1 2 2 3 3

       0 2 3 0 4 3    11

001  P5 moved 2 in 0.045705318450927734 sec.

14     0 1 2 0 3 3

       0 0 4 0 4 3    14

001  Mirza moved 4 in 0.04716300964355469 sec.

15     0 2 0 0 3 3

       0 0 4 0 4 3    14

001  P5 moved 3 in 0.07700228691101074 sec.

15     0 2 0 0 3 3

       0 0 0 1 5 4    15

001  P5 moved 5 in 0.08015179634094238 sec.

15     0 2 0 1 4 4

       0 0 0 1 0 5    16

001  Mirza moved 5 in 0.06189560890197754 sec.

16     1 0 0 1 4 4

       0 0 0 1 0 5    16

001  Mirza moved 6 in 0.06276607513427734 sec.

17     0 0 0 1 4 4

       0 0 0 1 0 5    16

001  Mirza moved 2 in 0.07916545867919922 sec.

18     0 1 1 2 0 4

       0 0 0 1 0 5    16

001  P5 moved 4 in 0.07754969596862793 sec.

18     0 1 1 2 0 4

       0 0 0 0 0 5    17

001  Mirza moved 5 in 0.06295943260192871 sec.

19     0 0 1 2 0 4

       0 0 0 0 0 5    17

001  P5 moved 6 in 0.03083944320678711 sec.

19     0 0 2 3 1 5

       0 0 0 0 0 0    18

000  The game ended correctly. P5: 18 Mirza: 30

000  Mirza win!

