001  Mirzaa moved 3 in 0.05265355110168457 sec.

1     5 5 5 0 4 4

      4 4 4 4 4 4    0

001  Mirzaa moved 4 in 0.06220054626464844 sec.

2     6 6 0 0 4 4

      5 5 4 4 4 4    0

001  P3 moved 6 in 0.06157112121582031 sec.

2     6 6 0 1 5 5

      5 5 4 4 4 0    1

001  Mirzaa moved 2 in 0.062474966049194336 sec.

3     7 7 1 2 0 5

      5 5 4 4 4 0    1

001  Mirzaa moved 5 in 0.06328153610229492 sec.

4     8 0 1 2 0 5

      6 6 5 5 5 0    1

001  P3 moved 3 in 0.030582904815673828 sec.

4     8 0 1 2 0 6

      6 6 0 6 6 1    2

001  Mirzaa moved 3 in 0.03170967102050781 sec.

11     8 0 2 0 0 6

       6 0 0 6 6 1    2

001  P3 moved 6 in 0.047167062759399414 sec.

11     8 0 2 0 0 6

       6 0 0 6 6 0    3

001  P3 moved 5 in 0.016028642654418945 sec.

11     8 0 3 1 1 7

       6 0 0 6 0 1    4

001  Mirzaa moved 4 in 0.07903051376342773 sec.

12     9 1 0 1 1 7

       6 0 0 6 0 1    4

001  Mirzaa moved 6 in 0.0316462516784668 sec.

13     0 1 0 1 2 8

       7 1 1 7 1 2    4

001  P3 moved 2 in 0.062104225158691406 sec.

13     0 1 0 1 2 8

       7 0 2 7 1 2    4

001  Mirzaa moved 5 in 0.07861876487731934 sec.

21     0 0 0 1 2 8

       0 0 2 7 1 2    4

001  P3 moved 4 in 0.0480961799621582 sec.

21     0 0 1 2 3 9

       0 0 2 0 2 3    5

001  Mirzaa moved 1 in 0.03158426284790039 sec.

22     1 1 2 3 4 0

       1 1 3 0 2 3    5

001  P3 moved 2 in 0.06317520141601562 sec.

22     1 1 2 3 4 0

       1 0 4 0 2 3    5

001  Mirzaa moved 6 in 0.06219887733459473 sec.

23     0 1 2 3 4 0

       1 0 4 0 2 3    5

001  Mirzaa moved 2 in 0.046823740005493164 sec.

25     0 2 3 4 0 0

       0 0 4 0 2 3    5

001  P3 moved 5 in 0.06171989440917969 sec.

25     0 2 3 4 0 0

       0 0 4 0 0 4    6

001  P3 moved 3 in 0.06212759017944336 sec.

25     0 2 3 4 0 0

       0 0 0 1 1 5    7

001  P3 moved 5 in 0.07813405990600586 sec.

25     0 2 3 4 0 0

       0 0 0 1 0 6    7

001  Mirzaa moved 3 in 0.06179094314575195 sec.

26     1 3 4 0 0 0

       0 0 0 1 0 6    7

001  Mirzaa moved 5 in 0.03172707557678223 sec.

27     2 0 4 0 0 0

       1 0 0 1 0 6    7

001  P3 moved 1 in 0.06239819526672363 sec.

27     2 0 4 0 0 0

       0 0 0 1 0 6    8

001  Mirzaa moved 6 in 0.0450901985168457 sec.

28     0 0 4 0 0 0

       1 0 0 1 0 6    8

001  P3 moved 4 in 0.032113075256347656 sec.

28     0 0 4 0 0 0

       1 0 0 0 0 6    9

001  Mirzaa moved 4 in 0.045130252838134766 sec.

29     1 1 0 0 0 0

       2 0 0 0 0 6    9

001  P3 moved 6 in 0.11006975173950195 sec.

29     1 2 1 1 1 1

       2 0 0 0 0 0    10

001  Mirzaa moved 6 in 0.1092367172241211 sec.

30     0 2 1 1 1 1

       2 0 0 0 0 0    10

001  Mirzaa moved 5 in 0.030828237533569336 sec.

31     1 0 1 1 1 1

       2 0 0 0 0 0    10

001  Mirzaa moved 4 in 0.04660964012145996 sec.

32     1 0 0 1 1 1

       2 0 0 0 0 0    10

001  P3 moved 1 in 0.06218123435974121 sec.

32     1 0 0 1 1 1

       0 1 0 0 0 0    11

001  Mirzaa moved 6 in 0.06201744079589844 sec.

33     0 0 0 1 1 1

       0 1 0 0 0 0    11

001  Mirzaa moved 3 in 0.0305788516998291 sec.

34     0 0 0 0 1 1

       0 1 0 0 0 0    11

001  P3 moved 2 in 0.029580116271972656 sec.

34     0 0 0 0 1 1

       0 0 0 0 0 0    12

000  The game ended correctly. P3: 12 Mirzaa: 36

000  Mirzaa win!

