001  Mirzaa moved 3 in 0.020684003829956055 sec.

1     5 5 5 0 4 4

      4 4 4 4 4 4    0

001  Mirzaa moved 4 in 0.06270170211791992 sec.

2     6 6 0 0 4 4

      5 5 4 4 4 4    0

001  P3 moved 5 in 0.07857847213745117 sec.

2     6 6 0 0 5 5

      5 5 4 4 0 5    1

001  Mirzaa moved 2 in 0.04491376876831055 sec.

3     7 7 1 1 0 5

      5 5 4 4 0 5    1

001  Mirzaa moved 5 in 0.04663825035095215 sec.

4     8 0 1 1 0 5

      6 6 5 5 1 5    1

001  P3 moved 5 in 0.046080827713012695 sec.

4     8 0 1 1 0 5

      6 6 5 5 0 6    1

001  Mirzaa moved 4 in 0.06258678436279297 sec.

11     8 0 0 1 0 5

       6 0 5 5 0 6    1

001  P3 moved 3 in 0.04665660858154297 sec.

11     8 0 0 1 0 6

       6 0 0 6 1 7    2

001  Mirzaa moved 1 in 0.04510831832885742 sec.

12     9 1 1 2 1 0

       6 0 0 6 1 7    2

001  Mirzaa moved 6 in 0.0301206111907959 sec.

13     0 1 1 2 2 1

       7 1 1 7 2 8    2

001  P3 moved 5 in 0.06218290328979492 sec.

13     0 1 1 2 2 1

       7 1 1 7 0 9    3

001  P3 moved 2 in 0.07970523834228516 sec.

13     0 1 1 2 2 1

       7 0 2 7 0 9    3

001  Mirzaa moved 5 in 0.04680442810058594 sec.

21     0 0 1 2 2 1

       0 0 2 7 0 9    3

001  P3 moved 4 in 0.07934045791625977 sec.

21     0 0 2 3 3 2

       0 0 2 0 1 10    4

001  Mirzaa moved 2 in 0.030573129653930664 sec.

22     0 0 3 4 0 2

       0 0 2 0 1 10    4

001  P3 moved 3 in 0.07743573188781738 sec.

22     0 0 3 4 0 2

       0 0 0 1 2 10    4

001  Mirzaa moved 3 in 0.06309795379638672 sec.

23     1 1 4 0 0 2

       0 0 0 1 2 10    4

001  Mirzaa moved 6 in 0.046135902404785156 sec.

24     0 1 4 0 0 2

       0 0 0 1 2 10    4

001  Mirzaa moved 4 in 0.030693531036376953 sec.

25     1 2 0 0 0 2

       1 0 0 1 2 10    4

001  P3 moved 5 in 0.031850337982177734 sec.

25     1 2 0 0 0 2

       1 0 0 1 0 11    5

001  P3 moved 1 in 0.031075716018676758 sec.

25     1 0 0 0 0 2

       0 0 0 1 0 11    8

001  Mirzaa moved 1 in 0.04579281806945801 sec.

27     1 0 0 0 1 0

       0 0 0 0 0 11    8

001  P3 moved 6 in 0.07815837860107422 sec.

27     2 1 1 0 2 1

       1 1 1 0 0 0    11

001  Mirzaa moved 6 in 0.03159141540527344 sec.

28     0 1 1 0 2 1

       2 1 1 0 0 0    11

001  P3 moved 3 in 0.04660463333129883 sec.

28     0 1 1 0 2 1

       2 1 0 0 0 0    12

001  Mirzaa moved 5 in 0.030406475067138672 sec.

31     0 0 1 0 2 1

       0 1 0 0 0 0    12

001  P3 moved 2 in 0.06261157989501953 sec.

31     0 0 0 0 2 1

       0 0 0 0 0 0    14

000  The game ended correctly. P3: 14 Mirzaa: 34

000  Mirzaa win!

