001  P3 moved 5 in 0.03911757469177246 sec.

0     4 4 4 4 5 5

      4 4 4 4 0 5    1

001  Mirzaa moved 3 in 0.09578418731689453 sec.

1     5 5 5 0 5 5

      4 4 4 4 0 5    1

001  Mirzaa moved 2 in 0.09313678741455078 sec.

2     6 6 6 1 0 5

      4 4 4 4 0 5    1

001  Mirzaa moved 4 in 0.047595977783203125 sec.

3     7 7 0 1 0 5

      5 5 5 4 0 5    1

001  P3 moved 1 in 0.09257054328918457 sec.

3     7 7 0 1 0 5

      0 6 6 5 1 6    1

001  Mirzaa moved 3 in 0.04659700393676758 sec.

10     7 7 0 0 0 5

       0 6 0 5 1 6    1

001  P3 moved 4 in 0.061625003814697266 sec.

10     7 7 0 0 1 6

       0 6 0 0 2 7    2

001  Mirzaa moved 1 in 0.04595494270324707 sec.

11     8 8 1 1 2 0

       0 6 0 0 2 7    2

001  Mirzaa moved 6 in 0.04610490798950195 sec.

21     0 8 1 1 2 0

       1 7 1 1 3 0    2

001  P3 moved 3 in 0.06313443183898926 sec.

21     0 8 1 1 2 0

       1 7 0 2 3 0    2

001  Mirzaa moved 2 in 0.030215024948120117 sec.

21     0 8 2 2 0 0

       1 7 0 2 3 0    2

001  P3 moved 5 in 0.015522480010986328 sec.

21     0 8 2 2 0 1

       1 7 0 2 0 1    3

001  Mirzaa moved 1 in 0.01455068588256836 sec.

22     0 8 2 2 0 0

       1 7 0 2 0 1    3

001  P3 moved 2 in 0.03208279609680176 sec.

22     0 8 2 2 1 1

       1 0 1 3 1 2    4

001  Mirzaa moved 4 in 0.04576539993286133 sec.

24     0 9 0 2 1 1

       0 0 1 3 1 2    4

001  P3 moved 5 in 0.04516935348510742 sec.

24     0 9 0 2 1 1

       0 0 1 3 0 3    4

001  Mirzaa moved 5 in 0.04558873176574707 sec.

25     1 0 0 2 1 2

       1 1 2 4 1 4    4

001  P3 moved 3 in 0.0617070198059082 sec.

25     1 0 0 2 1 2

       1 1 0 5 2 4    4

001  Mirzaa moved 6 in 0.07878303527832031 sec.

26     0 0 0 2 1 2

       1 1 0 5 2 4    4

001  Mirzaa moved 3 in 0.0313873291015625 sec.

28     0 0 1 0 1 2

       1 0 0 5 2 4    4

001  P3 moved 6 in 0.07675766944885254 sec.

28     0 0 1 1 2 3

       1 0 0 5 2 0    5

001  Mirzaa moved 4 in 0.044698238372802734 sec.

29     0 0 0 1 2 3

       1 0 0 5 2 0    5

001  P3 moved 4 in 0.06230330467224121 sec.

29     0 0 0 1 3 4

       1 0 0 0 3 1    6

001  Mirzaa moved 1 in 0.06329536437988281 sec.

30     0 0 1 2 4 0

       1 0 0 0 3 1    6

001  P3 moved 1 in 0.06263160705566406 sec.

30     0 0 1 2 4 0

       0 0 0 0 3 1    7

001  Mirzaa moved 2 in 0.03055262565612793 sec.

31     0 1 2 3 0 0

       0 0 0 0 3 1    7

001  P3 moved 6 in 0.062227487564086914 sec.

31     0 1 2 3 0 0

       0 0 0 0 3 0    8

001  P3 moved 5 in 0.09446001052856445 sec.

31     0 1 2 3 0 1

       0 0 0 0 0 1    9

001  Mirzaa moved 1 in 0.07820343971252441 sec.

32     0 1 2 3 0 0

       0 0 0 0 0 1    9

001  P3 moved 6 in 0.07758808135986328 sec.

32     0 1 2 3 0 0

       0 0 0 0 0 0    10

000  The game ended correctly. P3: 10 Mirzaa: 38

000  Mirzaa win!

