001  Mirzaa moved 3 in 0.06787586212158203 sec.

1     5 5 5 0 4 4

      4 4 4 4 4 4    0

001  Mirzaa moved 4 in 0.04740118980407715 sec.

2     6 6 0 0 4 4

      5 5 4 4 4 4    0

001  P3 moved 4 in 0.04769086837768555 sec.

2     6 6 0 0 4 5

      5 5 4 0 5 5    1

001  Mirzaa moved 5 in 0.04639887809753418 sec.

3     7 0 0 0 4 5

      6 6 5 1 5 5    1

001  P3 moved 6 in 0.06215858459472656 sec.

3     7 0 1 1 5 6

      6 6 5 1 5 0    2

001  Mirzaa moved 4 in 0.06119871139526367 sec.

10     7 0 0 1 5 6

       6 0 5 1 5 0    2

001  P3 moved 3 in 0.06219220161437988 sec.

10     7 0 0 1 5 7

       6 0 0 2 6 1    3

001  Mirzaa moved 2 in 0.047168731689453125 sec.

11     8 1 1 2 0 7

       6 0 0 2 6 1    3

001  Mirzaa moved 1 in 0.06199169158935547 sec.

12     9 2 2 3 1 0

       7 0 0 2 6 1    3

001  P3 moved 4 in 0.06177163124084473 sec.

12     9 2 2 3 1 0

       7 0 0 0 7 2    3

001  Mirzaa moved 5 in 0.04764080047607422 sec.

13     10 0 2 3 1 0

       7 0 0 0 7 2    3

001  Mirzaa moved 6 in 0.09363818168640137 sec.

14     0 0 2 4 2 1

       8 1 1 1 8 3    3

001  P3 moved 1 in 0.06222820281982422 sec.

14     0 0 2 4 3 2

       0 2 2 2 9 4    4

001  Mirzaa moved 3 in 0.047087907791137695 sec.

15     1 1 3 0 3 2

       0 2 2 2 9 4    4

001  Mirzaa moved 4 in 0.04626321792602539 sec.

16     2 2 0 0 3 2

       0 2 2 2 9 4    4

001  Mirzaa moved 5 in 0.04560399055480957 sec.

17     3 0 0 0 3 2

       0 2 2 2 9 4    4

001  Mirzaa moved 6 in 0.06124472618103027 sec.

18     0 0 0 0 3 2

       1 3 2 2 9 4    4

001  P3 moved 6 in 0.046308279037475586 sec.

18     0 0 0 1 4 3

       1 3 2 2 9 0    5

001  Mirzaa moved 1 in 0.03159451484680176 sec.

21     0 0 0 2 5 0

       1 3 0 2 9 0    5

001  P3 moved 1 in 0.01587820053100586 sec.

21     0 0 0 2 5 0

       0 4 0 2 9 0    5

001  Mirzaa moved 2 in 0.07831287384033203 sec.

22     1 1 1 3 0 0

       0 4 0 2 9 0    5

001  Mirzaa moved 6 in 0.06222963333129883 sec.

23     0 1 1 3 0 0

       0 4 0 2 9 0    5

001  Mirzaa moved 3 in 0.03213095664978027 sec.

24     0 2 2 0 0 0

       0 4 0 2 9 0    5

001  P3 moved 5 in 0.07851648330688477 sec.

24     0 3 3 1 1 1

       0 4 0 2 0 1    8

001  Mirzaa moved 4 in 0.047095537185668945 sec.

25     1 4 0 1 1 1

       0 4 0 2 0 1    8

001  Mirzaa moved 6 in 0.031064748764038086 sec.

26     0 4 0 1 1 1

       0 4 0 2 0 1    8

001  Mirzaa moved 1 in 0.03167462348937988 sec.

26     0 4 0 1 2 0

       0 4 0 2 0 1    8

001  P3 moved 2 in 0.047629356384277344 sec.

26     0 4 0 1 2 0

       0 0 1 3 1 2    8

001  Mirzaa moved 2 in 0.015340805053710938 sec.

28     0 4 0 2 0 0

       0 0 0 3 1 2    8

001  P3 moved 4 in 0.06324267387390137 sec.

28     0 4 0 2 0 0

       0 0 0 0 2 3    9

001  P3 moved 6 in 0.04731917381286621 sec.

28     0 4 0 2 1 1

       0 0 0 0 2 0    10

001  Mirzaa moved 5 in 0.08002972602844238 sec.

29     1 0 0 2 1 1

       1 1 0 0 2 0    10

001  P3 moved 2 in 0.014537811279296875 sec.

29     1 0 0 2 1 1

       1 0 0 0 2 0    11

001  Mirzaa moved 6 in 0.046532630920410156 sec.

30     0 0 0 2 1 1

       1 0 0 0 2 0    11

001  Mirzaa moved 3 in 0.03160738945007324 sec.

31     0 0 1 0 1 1

       1 0 0 0 2 0    11

001  P3 moved 1 in 0.04667329788208008 sec.

31     0 0 1 0 1 1

       0 0 0 0 2 0    12

001  Mirzaa moved 2 in 0.06323051452636719 sec.

32     0 0 1 0 0 1

       0 0 0 0 2 0    12

001  P3 moved 5 in 0.07787752151489258 sec.

32     0 0 1 0 0 1

       0 0 0 0 0 1    13

001  P3 moved 6 in 0.07981753349304199 sec.

32     0 0 1 0 0 1

       0 0 0 0 0 0    14

000  The game ended correctly. P3: 14 Mirzaa: 34

000  Mirzaa win!

