001  P3 moved 1 in 0.04513692855834961 sec.

0     4 4 4 4 4 4

      0 5 5 5 5 4    0

001  Mirzaa moved 6 in 0.015561819076538086 sec.

1     0 4 4 4 4 4

      1 6 6 5 5 4    0

001  P3 moved 3 in 0.04672050476074219 sec.

1     0 4 4 4 5 5

      1 6 0 6 6 5    1

001  Mirzaa moved 2 in 0.03107452392578125 sec.

2     1 5 5 5 0 5

      1 6 0 6 6 5    1

001  Mirzaa moved 6 in 0.03069305419921875 sec.

3     0 5 5 5 0 5

      1 6 0 6 6 5    1

001  Mirzaa moved 1 in 0.06383252143859863 sec.

5     0 6 6 6 1 0

      0 6 0 6 6 5    1

001  P3 moved 5 in 0.032071828842163086 sec.

5     0 6 7 7 2 1

      0 6 0 6 0 6    2

001  Mirzaa moved 3 in 0.04822230339050293 sec.

6     1 7 8 0 2 1

      1 7 1 6 0 6    2

001  P3 moved 6 in 0.04700922966003418 sec.

6     1 8 9 1 3 2

      1 7 1 6 0 0    3

001  Mirzaa moved 6 in 0.0480649471282959 sec.

7     0 8 9 1 3 2

      1 7 1 6 0 0    3

001  Mirzaa moved 3 in 0.03173661231994629 sec.

7     0 8 10 0 3 2

      1 7 1 6 0 0    3

001  P3 moved 4 in 0.0630645751953125 sec.

7     0 8 10 1 4 3

      1 7 1 0 1 1    4

001  Mirzaa moved 2 in 0.03189229965209961 sec.

9     0 9 11 2 0 3

      0 7 1 0 1 1    4

001  P3 moved 2 in 0.07731294631958008 sec.

9     0 9 11 2 1 4

      0 0 2 1 2 2    5

001  Mirzaa moved 5 in 0.062149763107299805 sec.

10     1 0 11 2 1 5

       1 1 3 2 3 3    5

001  P3 moved 2 in 0.046097517013549805 sec.

10     1 0 11 2 1 5

       1 0 4 2 3 3    5

001  Mirzaa moved 6 in 0.030608415603637695 sec.

11     0 0 11 2 1 5

       1 0 4 2 3 3    5

001  Mirzaa moved 1 in 0.04777979850769043 sec.

13     0 1 12 3 2 0

       0 0 4 2 3 3    5

001  P3 moved 3 in 0.0160369873046875 sec.

13     0 1 12 3 2 0

       0 0 0 3 4 4    6

001  P3 moved 6 in 0.06473636627197266 sec.

13     0 1 12 4 3 1

       0 0 0 3 4 0    7

001  Mirzaa moved 3 in 0.07763242721557617 sec.

14     1 2 13 0 3 1

       0 0 0 3 4 0    7

001  Mirzaa moved 6 in 0.031610727310180664 sec.

15     0 2 13 0 3 1

       0 0 0 3 4 0    7

001  Mirzaa moved 5 in 0.06315755844116211 sec.

16     1 0 13 0 3 1

       0 0 0 3 4 0    7

001  Mirzaa moved 6 in 0.06324291229248047 sec.

17     0 0 13 0 3 1

       0 0 0 3 4 0    7

001  Mirzaa moved 4 in 0.09426712989807129 sec.

20     1 1 0 1 4 2

       1 1 0 4 5 1    7

001  P3 moved 2 in 0.09527039527893066 sec.

20     1 1 0 1 4 2

       1 0 0 4 5 1    8

001  Mirzaa moved 6 in 0.07781982421875 sec.

21     0 1 0 1 4 2

       1 0 0 4 5 1    8

001  Mirzaa moved 2 in 0.06216144561767578 sec.

23     0 2 1 2 0 2

       0 0 0 4 5 1    8

001  P3 moved 5 in 0.029607057571411133 sec.

23     0 2 1 3 1 3

       0 0 0 4 0 2    9

001  Mirzaa moved 5 in 0.016059160232543945 sec.

24     1 0 1 3 1 3

       0 0 0 4 0 2    9

001  Mirzaa moved 4 in 0.06230640411376953 sec.

25     1 0 0 3 1 3

       0 0 0 4 0 2    9

001  P3 moved 4 in 0.062058210372924805 sec.

25     1 0 0 3 1 4

       0 0 0 0 1 3    10

001  Mirzaa moved 1 in 0.07721877098083496 sec.

26     1 0 1 4 2 0

       0 0 0 0 1 3    10

001  P3 moved 5 in 0.07673382759094238 sec.

26     1 0 1 4 2 0

       0 0 0 0 0 4    10

001  Mirzaa moved 6 in 0.06323122978210449 sec.

27     0 0 1 4 2 0

       0 0 0 0 0 4    10

001  Mirzaa moved 3 in 0.06262826919555664 sec.

28     1 1 2 0 2 0

       0 0 0 0 0 4    10

001  Mirzaa moved 6 in 0.046636104583740234 sec.

29     0 1 2 0 2 0

       0 0 0 0 0 4    10

001  Mirzaa moved 4 in 0.04738736152648926 sec.

30     0 2 0 0 2 0

       0 0 0 0 0 4    10

001  P3 moved 6 in 0.047528743743896484 sec.

30     0 2 0 1 3 1

       0 0 0 0 0 0    11

000  The game ended correctly. P3: 11 Mirzaa: 37

000  Mirzaa win!

