001  Mirzaa moved 3 in 0.08007955551147461 sec.

1     5 5 5 0 4 4

      4 4 4 4 4 4    0

001  Mirzaa moved 4 in 0.0462033748626709 sec.

2     6 6 0 0 4 4

      5 5 4 4 4 4    0

001  P3 moved 5 in 0.04831886291503906 sec.

2     6 6 0 0 5 5

      5 5 4 4 0 5    1

001  Mirzaa moved 2 in 0.031178712844848633 sec.

3     7 7 1 1 0 5

      5 5 4 4 0 5    1

001  Mirzaa moved 5 in 0.047423362731933594 sec.

4     8 0 1 1 0 5

      6 6 5 5 1 5    1

001  P3 moved 5 in 0.06214499473571777 sec.

4     8 0 1 1 0 5

      6 6 5 5 0 6    1

001  Mirzaa moved 4 in 0.06317591667175293 sec.

11     8 0 0 1 0 5

       6 0 5 5 0 6    1

001  P3 moved 4 in 0.04768800735473633 sec.

11     8 0 0 1 1 6

       6 0 5 0 1 7    2

001  Mirzaa moved 1 in 0.07915735244750977 sec.

12     9 1 1 2 2 0

       6 0 5 0 1 7    2

001  Mirzaa moved 6 in 0.031070947647094727 sec.

13     0 1 1 2 3 1

       7 1 6 1 2 8    2

001  P3 moved 6 in 0.047193288803100586 sec.

13     1 2 2 3 4 2

       8 1 6 1 2 0    3

001  Mirzaa moved 6 in 0.094207763671875 sec.

14     0 2 2 3 4 2

       8 1 6 1 2 0    3

001  Mirzaa moved 5 in 0.07782173156738281 sec.

15     1 0 2 3 4 2

       8 1 6 1 2 0    3

001  Mirzaa moved 6 in 0.06186366081237793 sec.

16     0 0 2 3 4 2

       8 1 6 1 2 0    3

001  Mirzaa moved 2 in 0.061905860900878906 sec.

25     0 1 3 4 0 2

       0 1 6 1 2 0    3

001  P3 moved 3 in 0.06113696098327637 sec.

25     0 1 3 4 1 3

       0 1 0 2 3 1    4

001  Mirzaa moved 3 in 0.030614852905273438 sec.

26     1 2 4 0 1 3

       0 1 0 2 3 1    4

001  Mirzaa moved 6 in 0.031651973724365234 sec.

27     0 2 4 0 1 3

       0 1 0 2 3 1    4

001  Mirzaa moved 5 in 0.04578447341918945 sec.

28     1 0 4 0 1 3

       0 1 0 2 3 1    4

001  Mirzaa moved 6 in 0.04765915870666504 sec.

29     0 0 4 0 1 3

       0 1 0 2 3 1    4

001  Mirzaa moved 2 in 0.04609370231628418 sec.

32     0 0 4 0 0 3

       0 1 0 0 3 1    4

001  P3 moved 2 in 0.045465946197509766 sec.

32     0 0 0 0 0 3

       0 0 0 0 3 1    9

001  Mirzaa moved 1 in 0.016030073165893555 sec.

33     0 0 0 1 1 0

       0 0 0 0 3 1    9

001  P3 moved 6 in 0.06378579139709473 sec.

33     0 0 0 1 1 0

       0 0 0 0 3 0    10

001  P3 moved 5 in 0.06285524368286133 sec.

33     0 0 0 1 1 1

       0 0 0 0 0 1    11

001  Mirzaa moved 3 in 0.06194305419921875 sec.

34     0 0 0 0 1 1

       0 0 0 0 0 1    11

001  P3 moved 6 in 0.04671907424926758 sec.

34     0 0 0 0 1 1

       0 0 0 0 0 0    12

000  The game ended correctly. P3: 12 Mirzaa: 36

000  Mirzaa win!

