001  P3 moved 4 in 0.019573211669921875 sec.

0     4 4 4 4 4 5

      4 4 4 0 5 5    1

001  Mirzaa moved 3 in 0.09631228446960449 sec.

1     5 5 5 0 4 5

      4 4 4 0 5 5    1

001  Mirzaa moved 4 in 0.07916069030761719 sec.

2     6 6 0 0 4 5

      5 5 4 0 5 5    1

001  P3 moved 6 in 0.030756235122680664 sec.

2     6 6 1 1 5 6

      5 5 4 0 5 0    2

001  Mirzaa moved 2 in 0.0784907341003418 sec.

3     7 7 2 2 0 6

      5 5 4 0 5 0    2

001  Mirzaa moved 1 in 0.07821059226989746 sec.

4     8 8 3 3 1 0

      5 5 4 0 5 0    2

001  Mirzaa moved 4 in 0.062124013900756836 sec.

5     9 9 0 3 1 0

      5 5 4 0 5 0    2

001  Mirzaa moved 5 in 0.06412363052368164 sec.

8     10 0 0 3 1 0

      6 6 5 1 6 0    2

001  P3 moved 4 in 0.06311368942260742 sec.

8     10 0 0 3 1 0

      6 6 5 0 7 0    2

001  Mirzaa moved 6 in 0.030554533004760742 sec.

9     0 0 0 4 2 1

      7 7 6 1 8 1    2

001  P3 moved 5 in 0.06306076049804688 sec.

9     1 1 1 5 3 2

      7 7 6 1 0 2    3

001  Mirzaa moved 6 in 0.07761836051940918 sec.

10     0 1 1 5 3 2

       7 7 6 1 0 2    3

001  Mirzaa moved 5 in 0.07912182807922363 sec.

18     0 0 1 5 3 2

       0 7 6 1 0 2    3

001  P3 moved 6 in 0.047048091888427734 sec.

18     0 0 1 5 3 3

       0 7 6 1 0 0    4

001  Mirzaa moved 2 in 0.06307053565979004 sec.

26     0 0 2 6 0 3

       0 0 6 1 0 0    4

001  P3 moved 3 in 0.04670429229736328 sec.

26     0 0 2 6 1 4

       0 0 0 2 1 1    5

001  Mirzaa moved 1 in 0.03154301643371582 sec.

27     0 0 3 7 2 0

       0 0 0 2 1 1    5

001  P3 moved 6 in 0.047059059143066406 sec.

27     0 0 3 7 2 0

       0 0 0 2 1 0    6

001  P3 moved 5 in 0.03053593635559082 sec.

27     0 0 3 7 2 0

       0 0 0 2 0 0    7

001  Mirzaa moved 4 in 0.0465543270111084 sec.

28     1 1 0 7 2 0

       0 0 0 2 0 0    7

001  Mirzaa moved 2 in 0.030553817749023438 sec.

29     1 1 0 8 0 0

       0 0 0 2 0 0    7

001  P3 moved 4 in 0.03155660629272461 sec.

29     1 1 0 8 0 0

       0 0 0 0 1 0    8

001  Mirzaa moved 3 in 0.015528440475463867 sec.

30     2 2 1 0 0 0

       1 1 1 1 1 0    8

001  P3 moved 3 in 0.06211113929748535 sec.

30     2 2 1 0 0 0

       1 1 0 2 1 0    8

001  Mirzaa moved 5 in 0.04756593704223633 sec.

31     3 0 1 0 0 0

       1 1 0 2 1 0    8

001  Mirzaa moved 4 in 0.04704737663269043 sec.

33     3 0 0 0 0 0

       1 0 0 2 1 0    8

001  P3 moved 4 in 0.016040802001953125 sec.

33     3 0 0 0 0 0

       1 0 0 0 2 0    9

001  Mirzaa moved 6 in 0.04503774642944336 sec.

34     0 0 0 0 0 0

       2 1 0 0 2 0    9

000  The game ended correctly. P3: 14 Mirzaa: 34

000  Mirzaa win!

