001  P3 moved 2 in 0.04667091369628906 sec.

0     4 4 4 4 4 4

      4 0 5 5 5 5    0

001  Mirzaa moved 6 in 0.061573028564453125 sec.

1     0 4 4 4 4 4

      5 1 6 5 5 5    0

001  P3 moved 4 in 0.06040501594543457 sec.

1     0 4 4 4 5 5

      5 1 6 0 6 6    1

001  Mirzaa moved 2 in 0.016545534133911133 sec.

2     1 5 5 5 0 5

      5 1 6 0 6 6    1

001  Mirzaa moved 6 in 0.03007960319519043 sec.

3     0 5 5 5 0 5

      5 1 6 0 6 6    1

001  Mirzaa moved 1 in 0.04503893852233887 sec.

9     0 6 6 6 1 0

      0 1 6 0 6 6    1

001  P3 moved 6 in 0.04814338684082031 sec.

9     0 7 7 7 2 1

      0 1 6 0 6 0    2

001  Mirzaa moved 3 in 0.03100275993347168 sec.

10     1 8 8 0 2 1

       1 2 7 0 6 0    2

001  P3 moved 2 in 0.07777762413024902 sec.

10     1 8 8 0 2 1

       1 0 8 0 6 0    3

001  Mirzaa moved 4 in 0.04607081413269043 sec.

11     2 9 0 0 2 1

       2 1 9 1 7 0    3

001  P3 moved 4 in 0.04517054557800293 sec.

11     2 9 0 0 2 1

       2 1 9 0 8 0    3

001  Mirzaa moved 2 in 0.03156113624572754 sec.

21     2 9 0 1 0 1

       2 1 0 0 8 0    3

001  P3 moved 2 in 0.0630941390991211 sec.

21     2 9 0 1 0 1

       2 0 0 0 8 0    4

001  Mirzaa moved 1 in 0.07859587669372559 sec.

30     2 9 0 1 0 0

       2 0 0 0 0 0    4

001  P3 moved 1 in 0.09448456764221191 sec.

30     2 9 0 1 0 0

       0 1 0 0 0 0    5

001  Mirzaa moved 5 in 0.04578542709350586 sec.

33     3 0 0 1 0 0

       1 2 1 1 1 0    5

001  P3 moved 4 in 0.06315851211547852 sec.

33     3 0 0 1 0 0

       1 2 1 0 2 0    5

001  Mirzaa moved 3 in 0.030643224716186523 sec.

35     3 0 0 0 0 0

       1 2 0 0 2 0    5

001  P3 moved 5 in 0.014528989791870117 sec.

35     3 0 0 0 0 0

       1 2 0 0 0 1    6

001  P3 moved 2 in 0.06110858917236328 sec.

35     3 0 0 0 0 0

       1 0 1 0 0 1    7

001  Mirzaa moved 6 in 0.0630645751953125 sec.

36     0 0 0 0 0 0

       2 1 1 0 0 1    7

000  The game ended correctly. P3: 12 Mirzaa: 36

000  Mirzaa win!

