001  P3 moved 2 in 0.04070091247558594 sec.

0     4 4 4 4 4 4

      4 0 5 5 5 5    0

001  Mirzaa moved 6 in 0.03158092498779297 sec.

1     0 4 4 4 4 4

      5 1 6 5 5 5    0

001  P3 moved 6 in 0.046073198318481445 sec.

1     0 4 5 5 5 5

      5 1 6 5 5 0    1

001  Mirzaa moved 2 in 0.03057718276977539 sec.

2     1 5 6 6 0 5

      5 1 6 5 5 0    1

001  Mirzaa moved 6 in 0.06319856643676758 sec.

3     0 5 6 6 0 5

      5 1 6 5 5 0    1

001  Mirzaa moved 1 in 0.07770919799804688 sec.

9     0 6 7 7 1 0

      0 1 6 5 5 0    1

001  P3 moved 4 in 0.06430530548095703 sec.

9     0 6 7 7 2 1

      0 1 6 0 6 1    2

001  Mirzaa moved 3 in 0.0475921630859375 sec.

10     1 7 8 0 2 1

       1 2 7 0 6 1    2

001  P3 moved 3 in 0.04710268974304199 sec.

10     1 7 8 1 3 2

       1 2 0 1 7 2    3

001  Mirzaa moved 4 in 0.04673051834106445 sec.

11     2 8 0 1 3 2

       2 3 1 2 8 2    3

001  P3 moved 3 in 0.06207776069641113 sec.

11     2 8 0 1 3 2

       2 3 0 3 8 2    3

001  Mirzaa moved 5 in 0.04811739921569824 sec.

12     3 0 0 1 3 2

       3 4 1 4 9 3    3

001  P3 moved 2 in 0.014903068542480469 sec.

12     3 0 0 1 3 2

       3 0 2 5 10 4    3

001  Mirzaa moved 3 in 0.06284117698669434 sec.

15     3 0 0 0 3 2

       3 0 0 5 10 4    3

001  P3 moved 6 in 0.0451505184173584 sec.

15     3 0 0 1 4 3

       3 0 0 5 10 0    4

001  Mirzaa moved 6 in 0.06452250480651855 sec.

16     0 0 0 1 4 3

       4 1 0 5 10 0    4

001  P3 moved 4 in 0.046629905700683594 sec.

16     0 0 0 1 5 4

       4 1 0 0 11 1    5

001  Mirzaa moved 2 in 0.06215333938598633 sec.

17     1 1 1 2 0 4

       4 1 0 0 11 1    5

001  Mirzaa moved 6 in 0.0630638599395752 sec.

18     0 1 1 2 0 4

       4 1 0 0 11 1    5

001  Mirzaa moved 5 in 0.029926061630249023 sec.

23     0 0 1 2 0 4

       0 1 0 0 11 1    5

001  P3 moved 2 in 0.047104597091674805 sec.

23     0 0 0 2 0 4

       0 0 0 0 11 1    7

001  Mirzaa moved 1 in 0.046216487884521484 sec.

24     0 0 1 3 1 0

       0 0 0 0 11 1    7

001  P3 moved 6 in 0.031132936477661133 sec.

24     0 0 1 3 1 0

       0 0 0 0 11 0    8

001  P3 moved 5 in 0.06300878524780273 sec.

24     1 1 0 4 2 1

       1 1 0 0 0 1    12

001  Mirzaa moved 3 in 0.015041589736938477 sec.

25     2 2 1 0 2 1

       1 1 0 0 0 1    12

001  Mirzaa moved 5 in 0.030623435974121094 sec.

26     3 0 1 0 2 1

       1 1 0 0 0 1    12

001  Mirzaa moved 4 in 0.03231191635131836 sec.

28     3 0 0 0 2 1

       1 0 0 0 0 1    12

001  P3 moved 1 in 0.046640872955322266 sec.

28     3 0 0 0 2 1

       0 0 0 0 0 1    13

001  Mirzaa moved 2 in 0.07923340797424316 sec.

29     3 0 0 1 0 1

       0 0 0 0 0 1    13

001  P3 moved 6 in 0.045102834701538086 sec.

29     3 0 0 1 0 1

       0 0 0 0 0 0    14

000  The game ended correctly. P3: 14 Mirzaa: 34

000  Mirzaa win!

