001  Mirzaa moved 3 in 0.014510154724121094 sec.

1     5 5 5 0 4 4

      4 4 4 4 4 4    0

001  Mirzaa moved 4 in 0.01610541343688965 sec.

2     6 6 0 0 4 4

      5 5 4 4 4 4    0

001  P3 moved 4 in 0.09474325180053711 sec.

2     6 6 0 0 4 5

      5 5 4 0 5 5    1

001  Mirzaa moved 5 in 0.04814314842224121 sec.

3     7 0 0 0 4 5

      6 6 5 1 5 5    1

001  P3 moved 1 in 0.04511904716491699 sec.

3     7 0 0 0 4 5

      0 7 6 2 6 6    2

001  P3 moved 6 in 0.06311821937561035 sec.

3     7 1 1 1 5 6

      0 7 6 2 6 0    3

001  Mirzaa moved 2 in 0.07930684089660645 sec.

4     8 2 2 2 0 6

      0 7 6 2 6 0    3

001  Mirzaa moved 5 in 0.031674861907958984 sec.

5     9 0 2 2 0 6

      0 7 6 2 6 0    3

001  Mirzaa moved 1 in 0.046196937561035156 sec.

6     10 1 3 3 1 0

      0 7 6 2 6 0    3

001  Mirzaa moved 4 in 0.04645085334777832 sec.

7     11 2 0 3 1 0

      0 7 6 2 6 0    3

001  Mirzaa moved 5 in 0.06315469741821289 sec.

8     12 0 0 3 1 0

      0 7 6 2 6 0    3

001  Mirzaa moved 6 in 0.06329894065856934 sec.

18     0 0 1 4 2 1

       1 0 7 3 7 1    3

001  P3 moved 3 in 0.01547694206237793 sec.

18     0 0 1 5 3 2

       1 0 0 4 8 2    4

001  Mirzaa moved 2 in 0.0458528995513916 sec.

19     0 0 2 6 0 2

       1 0 0 4 8 2    4

001  P3 moved 1 in 0.04659128189086914 sec.

19     0 0 2 6 0 2

       0 0 0 4 8 2    5

001  Mirzaa moved 3 in 0.04700279235839844 sec.

20     1 1 3 0 0 2

       1 1 0 4 8 2    5

001  P3 moved 4 in 0.07771635055541992 sec.

20     1 1 3 0 0 3

       1 1 0 0 9 3    6

001  Mirzaa moved 4 in 0.07949662208557129 sec.

21     2 2 0 0 0 3

       1 1 0 0 9 3    6

001  Mirzaa moved 1 in 0.062274932861328125 sec.

22     2 2 0 1 1 0

       1 1 0 0 9 3    6

001  P3 moved 2 in 0.015539169311523438 sec.

22     2 2 0 1 1 0

       1 0 0 0 9 3    7

001  Mirzaa moved 5 in 0.046478271484375 sec.

23     3 0 0 1 1 0

       1 0 0 0 9 3    7

001  Mirzaa moved 3 in 0.09414005279541016 sec.

24     3 0 0 0 1 0

       1 0 0 0 9 3    7

001  P3 moved 1 in 0.0302126407623291 sec.

24     3 0 0 0 1 0

       0 0 0 0 9 3    8

001  Mirzaa moved 6 in 0.030571937561035156 sec.

25     0 0 0 0 1 0

       1 1 0 0 9 3    8

001  P3 moved 5 in 0.029544830322265625 sec.

25     1 1 1 1 2 1

       2 1 0 0 0 4    9

001  Mirzaa moved 6 in 0.06319189071655273 sec.

26     0 1 1 1 2 1

       2 1 0 0 0 4    9

001  Mirzaa moved 5 in 0.062181711196899414 sec.

29     0 0 1 1 2 1

       0 1 0 0 0 4    9

001  P3 moved 6 in 0.04775238037109375 sec.

29     0 0 1 2 3 2

       0 1 0 0 0 0    10

001  Mirzaa moved 2 in 0.04710197448730469 sec.

31     0 0 2 3 0 2

       0 0 0 0 0 0    10

000  The game ended correctly. P3: 10 Mirzaa: 38

000  Mirzaa win!

