001  Mirzaa moved 3 in 0.048476219177246094 sec.

1     5 5 5 0 4 4

      4 4 4 4 4 4    0

001  Mirzaa moved 4 in 0.06071758270263672 sec.

2     6 6 0 0 4 4

      5 5 4 4 4 4    0

001  P5 moved 2 in 0.061553001403808594 sec.

2     6 6 0 0 4 4

      5 0 5 5 5 5    1

001  P5 moved 3 in 0.06089472770690918 sec.

2     6 6 0 0 4 5

      5 0 0 6 6 6    2

001  Mirzaa moved 1 in 0.045042991638183594 sec.

2     7 7 1 1 5 0

      5 0 0 6 6 6    2

001  P5 moved 4 in 0.013678789138793945 sec.

2     7 7 1 2 6 1

      5 0 0 0 7 7    3

001  Mirzaa moved 1 in 0.06153535842895508 sec.

2     7 7 1 2 7 0

      5 0 0 0 7 7    3

001  P5 moved 5 in 0.04623603820800781 sec.

2     7 8 2 3 8 1

      5 0 0 0 0 8    4

001  Mirzaa moved 1 in 0.06139779090881348 sec.

2     7 8 2 3 9 0

      5 0 0 0 0 8    4

001  P5 moved 6 in 0.04562640190124512 sec.

2     8 9 3 4 10 1

      6 0 0 0 0 0    5

001  Mirzaa moved 4 in 0.09440779685974121 sec.

3     9 10 0 4 10 1

      6 0 0 0 0 0    5

001  Mirzaa moved 3 in 0.06280159950256348 sec.

4     10 11 1 0 10 1

      6 0 0 0 0 0    5

001  Mirzaa moved 2 in 0.07757163047790527 sec.

5     11 12 2 1 0 1

      7 1 1 1 1 0    5

001  P5 moved 5 in 0.046794891357421875 sec.

5     11 12 2 1 0 0

      7 1 1 1 0 0    7

001  Mirzaa moved 4 in 0.03130531311035156 sec.

5     12 13 0 1 0 0

      7 1 1 1 0 0    7

001  P5 moved 2 in 0.06075882911682129 sec.

5     12 13 0 1 0 0

      7 0 2 1 0 0    7

001  Mirzaa moved 3 in 0.046743154525756836 sec.

8     12 13 0 0 0 0

      7 0 0 1 0 0    7

001  P5 moved 4 in 0.03011775016784668 sec.

8     12 13 0 0 0 0

      7 0 0 0 0 0    8

001  Mirzaa moved 5 in 0.04717707633972168 sec.

11     13 0 1 1 1 1

       8 0 1 1 1 1    8

001  P5 moved 6 in 0.03090071678161621 sec.

11     13 0 1 1 1 1

       8 0 1 1 1 0    9

001  P5 moved 1 in 0.060984134674072266 sec.

11     13 0 1 1 2 2

       0 1 2 2 2 1    10

001  Mirzaa moved 6 in 0.060631513595581055 sec.

14     0 1 2 2 3 3

       0 2 3 3 3 2    10

001  P5 moved 4 in 0.06074190139770508 sec.

14     0 1 2 2 3 3

       0 2 3 0 4 3    11

001  P5 moved 2 in 0.030143260955810547 sec.

14     0 1 2 0 3 3

       0 0 4 0 4 3    14

001  Mirzaa moved 4 in 0.04512310028076172 sec.

15     0 2 0 0 3 3

       0 0 4 0 4 3    14

001  P5 moved 3 in 0.09161877632141113 sec.

15     0 2 0 0 3 3

       0 0 0 1 5 4    15

001  P5 moved 5 in 0.029937744140625 sec.

15     0 2 0 1 4 4

       0 0 0 1 0 5    16

001  Mirzaa moved 5 in 0.04572010040283203 sec.

16     1 0 0 1 4 4

       0 0 0 1 0 5    16

001  Mirzaa moved 6 in 0.04471325874328613 sec.

17     0 0 0 1 4 4

       0 0 0 1 0 5    16

001  Mirzaa moved 2 in 0.04536175727844238 sec.

18     0 1 1 2 0 4

       0 0 0 1 0 5    16

001  P5 moved 4 in 0.061342716217041016 sec.

18     0 1 1 2 0 4

       0 0 0 0 0 5    17

001  Mirzaa moved 5 in 0.06079220771789551 sec.

19     0 0 1 2 0 4

       0 0 0 0 0 5    17

001  P5 moved 6 in 0.06029486656188965 sec.

19     0 0 2 3 1 5

       0 0 0 0 0 0    18

000  The game ended correctly. P5: 18 Mirzaa: 30

000  Mirzaa win!

