001  P5 moved 3 in 0.038838863372802734 sec.

0     4 4 4 4 4 4

      4 4 0 5 5 5    1

001  P5 moved 4 in 0.07678103446960449 sec.

0     4 4 4 4 5 5

      4 4 0 0 6 6    2

001  Mirzaa moved 3 in 0.06065678596496582 sec.

1     5 5 5 0 5 5

      4 4 0 0 6 6    2

001  Mirzaa moved 2 in 0.031000137329101562 sec.

2     6 6 6 1 0 5

      4 4 0 0 6 6    2

001  Mirzaa moved 1 in 0.07914423942565918 sec.

2     7 7 7 2 1 0

      4 4 0 0 6 6    2

001  P5 moved 5 in 0.045003414154052734 sec.

2     7 7 8 3 2 1

      4 4 0 0 0 7    3

001  Mirzaa moved 2 in 0.031829833984375 sec.

2     7 7 9 4 0 1

      4 4 0 0 0 7    3

001  P5 moved 1 in 0.0466921329498291 sec.

2     7 7 9 4 0 1

      0 5 1 1 0 7    4

001  Mirzaa moved 3 in 0.030004501342773438 sec.

3     8 8 10 0 0 1

      0 5 1 1 0 7    4

001  Mirzaa moved 4 in 0.03097224235534668 sec.

4     9 9 0 0 0 2

      1 6 2 2 1 8    4

001  P5 moved 6 in 0.06198430061340332 sec.

4     10 10 1 1 1 3

      2 6 2 2 1 0    5

001  Mirzaa moved 1 in 0.0636451244354248 sec.

4     10 10 2 2 2 0

      2 6 2 2 1 0    5

001  P5 moved 2 in 0.061516761779785156 sec.

4     10 10 2 2 2 1

      2 0 3 3 2 1    6

001  Mirzaa moved 1 in 0.07595133781433105 sec.

4     10 10 2 2 3 0

      2 0 3 3 2 1    6

001  P5 moved 4 in 0.04602837562561035 sec.

4     10 10 2 2 3 0

      2 0 3 0 3 2    7

001  P5 moved 5 in 0.03087782859802246 sec.

4     10 10 2 2 3 1

      2 0 3 0 0 3    8

001  Mirzaa moved 4 in 0.045197248458862305 sec.

4     11 11 0 2 3 1

      2 0 3 0 0 3    8

001  P5 moved 3 in 0.0919649600982666 sec.

4     11 11 0 2 3 1

      2 0 0 1 1 4    8

001  Mirzaa moved 1 in 0.07799053192138672 sec.

4     11 11 0 2 4 0

      2 0 0 1 1 4    8

001  P5 moved 1 in 0.0769655704498291 sec.

4     11 11 0 2 4 0

      0 1 0 1 1 4    9

001  Mirzaa moved 6 in 0.04513144493103027 sec.

7     0 11 0 3 5 1

      1 2 0 2 2 5    9

001  P5 moved 5 in 0.044791460037231445 sec.

7     0 11 0 3 5 1

      1 2 0 2 0 6    10

001  P5 moved 6 in 0.04567313194274902 sec.

7     0 12 1 4 6 2

      1 2 0 2 0 0    11

001  Mirzaa moved 3 in 0.04628252983093262 sec.

8     1 13 2 0 6 2

      1 2 0 2 0 0    11

001  Mirzaa moved 1 in 0.07821369171142578 sec.

11     1 13 2 0 7 0

       1 2 0 0 0 0    11

001  P5 moved 2 in 0.014546871185302734 sec.

11     1 13 2 0 7 0

       1 0 1 0 0 0    12

001  Mirzaa moved 6 in 0.06231045722961426 sec.

12     0 13 2 0 7 0

       1 0 1 0 0 0    12

001  Mirzaa moved 4 in 0.06103801727294922 sec.

14     0 14 0 0 7 0

       0 0 1 0 0 0    12

001  P5 moved 3 in 0.046620845794677734 sec.

14     0 14 0 0 7 0

       0 0 0 0 0 0    13

000  The game ended correctly. P5: 13 Mirzaa: 35

000  Mirzaa win!

