001  Mirzaa moved 3 in 0.06483674049377441 sec.

1     5 5 5 0 4 4

      4 4 4 4 4 4    0

001  Mirzaa moved 4 in 0.06062006950378418 sec.

2     6 6 0 0 4 4

      5 5 4 4 4 4    0

001  P5 moved 2 in 0.07648158073425293 sec.

2     6 6 0 0 4 4

      5 0 5 5 5 5    1

001  P5 moved 3 in 0.028134584426879883 sec.

2     6 6 0 0 4 5

      5 0 0 6 6 6    2

001  Mirzaa moved 1 in 0.06168389320373535 sec.

2     7 7 1 1 5 0

      5 0 0 6 6 6    2

001  P5 moved 4 in 0.044615983963012695 sec.

2     7 7 1 2 6 1

      5 0 0 0 7 7    3

001  Mirzaa moved 1 in 0.014085531234741211 sec.

2     7 7 1 2 7 0

      5 0 0 0 7 7    3

001  P5 moved 5 in 0.060846805572509766 sec.

2     7 8 2 3 8 1

      5 0 0 0 0 8    4

001  Mirzaa moved 1 in 0.06063222885131836 sec.

2     7 8 2 3 9 0

      5 0 0 0 0 8    4

001  P5 moved 6 in 0.06075763702392578 sec.

2     8 9 3 4 10 1

      6 0 0 0 0 0    5

001  Mirzaa moved 4 in 0.07683372497558594 sec.

3     9 10 0 4 10 1

      6 0 0 0 0 0    5

001  Mirzaa moved 3 in 0.0622553825378418 sec.

4     10 11 1 0 10 1

      6 0 0 0 0 0    5

001  Mirzaa moved 2 in 0.045682430267333984 sec.

5     11 12 2 1 0 1

      7 1 1 1 1 0    5

001  P5 moved 5 in 0.046614885330200195 sec.

5     11 12 2 1 0 0

      7 1 1 1 0 0    7

001  Mirzaa moved 4 in 0.045243024826049805 sec.

5     12 13 0 1 0 0

      7 1 1 1 0 0    7

001  P5 moved 2 in 0.014528989791870117 sec.

5     12 13 0 1 0 0

      7 0 2 1 0 0    7

001  Mirzaa moved 3 in 0.07768392562866211 sec.

8     12 13 0 0 0 0

      7 0 0 1 0 0    7

001  P5 moved 4 in 0.03063368797302246 sec.

8     12 13 0 0 0 0

      7 0 0 0 0 0    8

001  Mirzaa moved 5 in 0.04718136787414551 sec.

11     13 0 1 1 1 1

       8 0 1 1 1 1    8

001  P5 moved 6 in 0.04631209373474121 sec.

11     13 0 1 1 1 1

       8 0 1 1 1 0    9

001  P5 moved 1 in 0.04574012756347656 sec.

11     13 0 1 1 2 2

       0 1 2 2 2 1    10

001  Mirzaa moved 6 in 0.0625607967376709 sec.

14     0 1 2 2 3 3

       0 2 3 3 3 2    10

001  P5 moved 4 in 0.030236005783081055 sec.

14     0 1 2 2 3 3

       0 2 3 0 4 3    11

001  P5 moved 2 in 0.062352895736694336 sec.

14     0 1 2 0 3 3

       0 0 4 0 4 3    14

001  Mirzaa moved 4 in 0.04570460319519043 sec.

15     0 2 0 0 3 3

       0 0 4 0 4 3    14

001  P5 moved 3 in 0.04562187194824219 sec.

15     0 2 0 0 3 3

       0 0 0 1 5 4    15

001  P5 moved 5 in 0.06241273880004883 sec.

15     0 2 0 1 4 4

       0 0 0 1 0 5    16

001  Mirzaa moved 5 in 0.030094385147094727 sec.

16     1 0 0 1 4 4

       0 0 0 1 0 5    16

001  Mirzaa moved 6 in 0.04671525955200195 sec.

17     0 0 0 1 4 4

       0 0 0 1 0 5    16

001  Mirzaa moved 2 in 0.06084704399108887 sec.

18     0 1 1 2 0 4

       0 0 0 1 0 5    16

001  P5 moved 4 in 0.07816219329833984 sec.

18     0 1 1 2 0 4

       0 0 0 0 0 5    17

001  Mirzaa moved 5 in 0.030200958251953125 sec.

19     0 0 1 2 0 4

       0 0 0 0 0 5    17

001  P5 moved 6 in 0.06123208999633789 sec.

19     0 0 2 3 1 5

       0 0 0 0 0 0    18

000  The game ended correctly. P5: 18 Mirzaa: 30

000  Mirzaa win!

