001  Mirzaa moved 3 in 0.03767752647399902 sec.

1     5 5 5 0 4 4

      4 4 4 4 4 4    0

001  Mirzaa moved 4 in 0.04615926742553711 sec.

2     6 6 0 0 4 4

      5 5 4 4 4 4    0

001  P5 moved 2 in 0.06254076957702637 sec.

2     6 6 0 0 4 4

      5 0 5 5 5 5    1

001  P5 moved 3 in 0.04548525810241699 sec.

2     6 6 0 0 4 5

      5 0 0 6 6 6    2

001  Mirzaa moved 1 in 0.045667171478271484 sec.

2     7 7 1 1 5 0

      5 0 0 6 6 6    2

001  P5 moved 4 in 0.060285329818725586 sec.

2     7 7 1 2 6 1

      5 0 0 0 7 7    3

001  Mirzaa moved 1 in 0.04478120803833008 sec.

2     7 7 1 2 7 0

      5 0 0 0 7 7    3

001  P5 moved 5 in 0.06162881851196289 sec.

2     7 8 2 3 8 1

      5 0 0 0 0 8    4

001  Mirzaa moved 1 in 0.04784893989562988 sec.

2     7 8 2 3 9 0

      5 0 0 0 0 8    4

001  P5 moved 6 in 0.0617213249206543 sec.

2     8 9 3 4 10 1

      6 0 0 0 0 0    5

001  Mirzaa moved 4 in 0.07692980766296387 sec.

3     9 10 0 4 10 1

      6 0 0 0 0 0    5

001  Mirzaa moved 3 in 0.06278824806213379 sec.

4     10 11 1 0 10 1

      6 0 0 0 0 0    5

001  Mirzaa moved 2 in 0.030240297317504883 sec.

5     11 12 2 1 0 1

      7 1 1 1 1 0    5

001  P5 moved 5 in 0.030174970626831055 sec.

5     11 12 2 1 0 0

      7 1 1 1 0 0    7

001  Mirzaa moved 4 in 0.029787063598632812 sec.

5     12 13 0 1 0 0

      7 1 1 1 0 0    7

001  P5 moved 2 in 0.029699325561523438 sec.

5     12 13 0 1 0 0

      7 0 2 1 0 0    7

001  Mirzaa moved 3 in 0.07823610305786133 sec.

8     12 13 0 0 0 0

      7 0 0 1 0 0    7

001  P5 moved 4 in 0.0624852180480957 sec.

8     12 13 0 0 0 0

      7 0 0 0 0 0    8

001  Mirzaa moved 5 in 0.060851335525512695 sec.

11     13 0 1 1 1 1

       8 0 1 1 1 1    8

001  P5 moved 6 in 0.045073509216308594 sec.

11     13 0 1 1 1 1

       8 0 1 1 1 0    9

001  P5 moved 1 in 0.047248125076293945 sec.

11     13 0 1 1 2 2

       0 1 2 2 2 1    10

001  Mirzaa moved 6 in 0.060762882232666016 sec.

14     0 1 2 2 3 3

       0 2 3 3 3 2    10

001  P5 moved 4 in 0.045583486557006836 sec.

14     0 1 2 2 3 3

       0 2 3 0 4 3    11

001  P5 moved 2 in 0.04645228385925293 sec.

14     0 1 2 0 3 3

       0 0 4 0 4 3    14

001  Mirzaa moved 4 in 0.030579805374145508 sec.

15     0 2 0 0 3 3

       0 0 4 0 4 3    14

001  P5 moved 3 in 0.06103181838989258 sec.

15     0 2 0 0 3 3

       0 0 0 1 5 4    15

001  P5 moved 5 in 0.06310200691223145 sec.

15     0 2 0 1 4 4

       0 0 0 1 0 5    16

001  Mirzaa moved 5 in 0.04679465293884277 sec.

16     1 0 0 1 4 4

       0 0 0 1 0 5    16

001  Mirzaa moved 6 in 0.015085697174072266 sec.

17     0 0 0 1 4 4

       0 0 0 1 0 5    16

001  Mirzaa moved 2 in 0.0469822883605957 sec.

18     0 1 1 2 0 4

       0 0 0 1 0 5    16

001  P5 moved 4 in 0.014131784439086914 sec.

18     0 1 1 2 0 4

       0 0 0 0 0 5    17

001  Mirzaa moved 5 in 0.030426502227783203 sec.

19     0 0 1 2 0 4

       0 0 0 0 0 5    17

001  P5 moved 6 in 0.04637765884399414 sec.

19     0 0 2 3 1 5

       0 0 0 0 0 0    18

000  The game ended correctly. P5: 18 Mirzaa: 30

000  Mirzaa win!

