001  Mirzaa moved 3 in 0.009543657302856445 sec.

1     5 5 5 0 4 4

      4 4 4 4 4 4    0

001  Mirzaa moved 4 in 0.04538321495056152 sec.

2     6 6 0 0 4 4

      5 5 4 4 4 4    0

001  P5 moved 2 in 0.06161808967590332 sec.

2     6 6 0 0 4 4

      5 0 5 5 5 5    1

001  P5 moved 3 in 0.04567241668701172 sec.

2     6 6 0 0 4 5

      5 0 0 6 6 6    2

001  Mirzaa moved 1 in 0.03020334243774414 sec.

2     7 7 1 1 5 0

      5 0 0 6 6 6    2

001  P5 moved 4 in 0.046195268630981445 sec.

2     7 7 1 2 6 1

      5 0 0 0 7 7    3

001  Mirzaa moved 1 in 0.047098398208618164 sec.

2     7 7 1 2 7 0

      5 0 0 0 7 7    3

001  P5 moved 5 in 0.045699119567871094 sec.

2     7 8 2 3 8 1

      5 0 0 0 0 8    4

001  Mirzaa moved 1 in 0.06090283393859863 sec.

2     7 8 2 3 9 0

      5 0 0 0 0 8    4

001  P5 moved 6 in 0.060756683349609375 sec.

2     8 9 3 4 10 1

      6 0 0 0 0 0    5

001  Mirzaa moved 4 in 0.06132173538208008 sec.

3     9 10 0 4 10 1

      6 0 0 0 0 0    5

001  Mirzaa moved 3 in 0.0455172061920166 sec.

4     10 11 1 0 10 1

      6 0 0 0 0 0    5

001  Mirzaa moved 2 in 0.046105146408081055 sec.

5     11 12 2 1 0 1

      7 1 1 1 1 0    5

001  P5 moved 5 in 0.030675172805786133 sec.

5     11 12 2 1 0 0

      7 1 1 1 0 0    7

001  Mirzaa moved 4 in 0.031395912170410156 sec.

5     12 13 0 1 0 0

      7 1 1 1 0 0    7

001  P5 moved 2 in 0.04528212547302246 sec.

5     12 13 0 1 0 0

      7 0 2 1 0 0    7

001  Mirzaa moved 3 in 0.04468512535095215 sec.

8     12 13 0 0 0 0

      7 0 0 1 0 0    7

001  P5 moved 4 in 0.06174111366271973 sec.

8     12 13 0 0 0 0

      7 0 0 0 0 0    8

001  Mirzaa moved 5 in 0.04618406295776367 sec.

11     13 0 1 1 1 1

       8 0 1 1 1 1    8

001  P5 moved 6 in 0.029880046844482422 sec.

11     13 0 1 1 1 1

       8 0 1 1 1 0    9

001  P5 moved 1 in 0.06169724464416504 sec.

11     13 0 1 1 2 2

       0 1 2 2 2 1    10

001  Mirzaa moved 6 in 0.06279873847961426 sec.

14     0 1 2 2 3 3

       0 2 3 3 3 2    10

001  P5 moved 4 in 0.06019759178161621 sec.

14     0 1 2 2 3 3

       0 2 3 0 4 3    11

001  P5 moved 2 in 0.04651689529418945 sec.

14     0 1 2 0 3 3

       0 0 4 0 4 3    14

001  Mirzaa moved 4 in 0.029668569564819336 sec.

15     0 2 0 0 3 3

       0 0 4 0 4 3    14

001  P5 moved 3 in 0.06094717979431152 sec.

15     0 2 0 0 3 3

       0 0 0 1 5 4    15

001  P5 moved 5 in 0.07761669158935547 sec.

15     0 2 0 1 4 4

       0 0 0 1 0 5    16

001  Mirzaa moved 5 in 0.062155961990356445 sec.

16     1 0 0 1 4 4

       0 0 0 1 0 5    16

001  Mirzaa moved 6 in 0.045712947845458984 sec.

17     0 0 0 1 4 4

       0 0 0 1 0 5    16

001  Mirzaa moved 2 in 0.06188392639160156 sec.

18     0 1 1 2 0 4

       0 0 0 1 0 5    16

001  P5 moved 4 in 0.029682636260986328 sec.

18     0 1 1 2 0 4

       0 0 0 0 0 5    17

001  Mirzaa moved 5 in 0.04634571075439453 sec.

19     0 0 1 2 0 4

       0 0 0 0 0 5    17

001  P5 moved 6 in 0.04496312141418457 sec.

19     0 0 2 3 1 5

       0 0 0 0 0 0    18

000  The game ended correctly. P5: 18 Mirzaa: 30

000  Mirzaa win!

