001  Mirzaa moved 3 in 0.042160749435424805 sec.

1     5 5 5 0 4 4

      4 4 4 4 4 4    0

001  Mirzaa moved 4 in 0.06110262870788574 sec.

2     6 6 0 0 4 4

      5 5 4 4 4 4    0

001  P5 moved 2 in 0.04673647880554199 sec.

2     6 6 0 0 4 4

      5 0 5 5 5 5    1

001  P5 moved 3 in 0.061229705810546875 sec.

2     6 6 0 0 4 5

      5 0 0 6 6 6    2

001  Mirzaa moved 1 in 0.061275482177734375 sec.

2     7 7 1 1 5 0

      5 0 0 6 6 6    2

001  P5 moved 4 in 0.030674457550048828 sec.

2     7 7 1 2 6 1

      5 0 0 0 7 7    3

001  Mirzaa moved 1 in 0.06043052673339844 sec.

2     7 7 1 2 7 0

      5 0 0 0 7 7    3

001  P5 moved 5 in 0.030553579330444336 sec.

2     7 8 2 3 8 1

      5 0 0 0 0 8    4

001  Mirzaa moved 1 in 0.07666373252868652 sec.

2     7 8 2 3 9 0

      5 0 0 0 0 8    4

001  P5 moved 6 in 0.04601883888244629 sec.

2     8 9 3 4 10 1

      6 0 0 0 0 0    5

001  Mirzaa moved 4 in 0.029790878295898438 sec.

3     9 10 0 4 10 1

      6 0 0 0 0 0    5

001  Mirzaa moved 3 in 0.060503482818603516 sec.

4     10 11 1 0 10 1

      6 0 0 0 0 0    5

001  Mirzaa moved 2 in 0.060608863830566406 sec.

5     11 12 2 1 0 1

      7 1 1 1 1 0    5

001  P5 moved 5 in 0.02943253517150879 sec.

5     11 12 2 1 0 0

      7 1 1 1 0 0    7

001  Mirzaa moved 4 in 0.03183436393737793 sec.

5     12 13 0 1 0 0

      7 1 1 1 0 0    7

001  P5 moved 2 in 0.07748579978942871 sec.

5     12 13 0 1 0 0

      7 0 2 1 0 0    7

001  Mirzaa moved 3 in 0.062039852142333984 sec.

8     12 13 0 0 0 0

      7 0 0 1 0 0    7

001  P5 moved 4 in 0.061606645584106445 sec.

8     12 13 0 0 0 0

      7 0 0 0 0 0    8

001  Mirzaa moved 5 in 0.015120983123779297 sec.

11     13 0 1 1 1 1

       8 0 1 1 1 1    8

001  P5 moved 6 in 0.06049180030822754 sec.

11     13 0 1 1 1 1

       8 0 1 1 1 0    9

001  P5 moved 1 in 0.031034231185913086 sec.

11     13 0 1 1 2 2

       0 1 2 2 2 1    10

001  Mirzaa moved 6 in 0.0774846076965332 sec.

14     0 1 2 2 3 3

       0 2 3 3 3 2    10

001  P5 moved 4 in 0.09222006797790527 sec.

14     0 1 2 2 3 3

       0 2 3 0 4 3    11

001  P5 moved 2 in 0.05810403823852539 sec.

14     0 1 2 0 3 3

       0 0 4 0 4 3    14

001  Mirzaa moved 4 in 0.03716301918029785 sec.

15     0 2 0 0 3 3

       0 0 4 0 4 3    14

001  P5 moved 3 in 0.08181023597717285 sec.

15     0 2 0 0 3 3

       0 0 0 1 5 4    15

001  P5 moved 5 in 0.04691910743713379 sec.

15     0 2 0 1 4 4

       0 0 0 1 0 5    16

001  Mirzaa moved 5 in 0.0418095588684082 sec.

16     1 0 0 1 4 4

       0 0 0 1 0 5    16

001  Mirzaa moved 6 in 0.030504941940307617 sec.

17     0 0 0 1 4 4

       0 0 0 1 0 5    16

001  Mirzaa moved 2 in 0.06034064292907715 sec.

18     0 1 1 2 0 4

       0 0 0 1 0 5    16

001  P5 moved 4 in 0.06081724166870117 sec.

18     0 1 1 2 0 4

       0 0 0 0 0 5    17

001  Mirzaa moved 5 in 0.06254100799560547 sec.

19     0 0 1 2 0 4

       0 0 0 0 0 5    17

001  P5 moved 6 in 0.06268191337585449 sec.

19     0 0 2 3 1 5

       0 0 0 0 0 0    18

000  The game ended correctly. P5: 18 Mirzaa: 30

000  Mirzaa win!

