001  P5 moved 3 in 0.056995391845703125 sec.

0     4 4 4 4 4 4

      4 4 0 5 5 5    1

001  P5 moved 4 in 0.03065347671508789 sec.

0     4 4 4 4 5 5

      4 4 0 0 6 6    2

001  Mirzaa moved 3 in 0.03204464912414551 sec.

1     5 5 5 0 5 5

      4 4 0 0 6 6    2

001  Mirzaa moved 2 in 0.04680061340332031 sec.

2     6 6 6 1 0 5

      4 4 0 0 6 6    2

001  Mirzaa moved 1 in 0.015622854232788086 sec.

2     7 7 7 2 1 0

      4 4 0 0 6 6    2

001  P5 moved 5 in 0.07656645774841309 sec.

2     7 7 8 3 2 1

      4 4 0 0 0 7    3

001  Mirzaa moved 2 in 0.03151726722717285 sec.

2     7 7 9 4 0 1

      4 4 0 0 0 7    3

001  P5 moved 1 in 0.062331199645996094 sec.

2     7 7 9 4 0 1

      0 5 1 1 0 7    4

001  Mirzaa moved 3 in 0.04733633995056152 sec.

3     8 8 10 0 0 1

      0 5 1 1 0 7    4

001  Mirzaa moved 4 in 0.06090116500854492 sec.

4     9 9 0 0 0 2

      1 6 2 2 1 8    4

001  P5 moved 6 in 0.03122091293334961 sec.

4     10 10 1 1 1 3

      2 6 2 2 1 0    5

001  Mirzaa moved 1 in 0.045382022857666016 sec.

4     10 10 2 2 2 0

      2 6 2 2 1 0    5

001  P5 moved 2 in 0.029712200164794922 sec.

4     10 10 2 2 2 1

      2 0 3 3 2 1    6

001  Mirzaa moved 1 in 0.062155961990356445 sec.

4     10 10 2 2 3 0

      2 0 3 3 2 1    6

001  P5 moved 4 in 0.060556650161743164 sec.

4     10 10 2 2 3 0

      2 0 3 0 3 2    7

001  P5 moved 5 in 0.07769203186035156 sec.

4     10 10 2 2 3 1

      2 0 3 0 0 3    8

001  Mirzaa moved 4 in 0.06094503402709961 sec.

4     11 11 0 2 3 1

      2 0 3 0 0 3    8

001  P5 moved 3 in 0.030582666397094727 sec.

4     11 11 0 2 3 1

      2 0 0 1 1 4    8

001  Mirzaa moved 1 in 0.030265331268310547 sec.

4     11 11 0 2 4 0

      2 0 0 1 1 4    8

001  P5 moved 1 in 0.046289682388305664 sec.

4     11 11 0 2 4 0

      0 1 0 1 1 4    9

001  Mirzaa moved 6 in 0.04630160331726074 sec.

7     0 11 0 3 5 1

      1 2 0 2 2 5    9

001  P5 moved 5 in 0.04613137245178223 sec.

7     0 11 0 3 5 1

      1 2 0 2 0 6    10

001  P5 moved 6 in 0.045667409896850586 sec.

7     0 12 1 4 6 2

      1 2 0 2 0 0    11

001  Mirzaa moved 3 in 0.046744585037231445 sec.

8     1 13 2 0 6 2

      1 2 0 2 0 0    11

001  Mirzaa moved 1 in 0.04688000679016113 sec.

11     1 13 2 0 7 0

       1 2 0 0 0 0    11

001  P5 moved 2 in 0.07559037208557129 sec.

11     1 13 2 0 7 0

       1 0 1 0 0 0    12

001  Mirzaa moved 6 in 0.045287370681762695 sec.

12     0 13 2 0 7 0

       1 0 1 0 0 0    12

001  Mirzaa moved 4 in 0.04679727554321289 sec.

14     0 14 0 0 7 0

       0 0 1 0 0 0    12

001  P5 moved 3 in 0.04580044746398926 sec.

14     0 14 0 0 7 0

       0 0 0 0 0 0    13

000  The game ended correctly. P5: 13 Mirzaa: 35

000  Mirzaa win!

