001  P5 moved 3 in 0.0726778507232666 sec.

0     4 4 4 4 4 4

      4 4 0 5 5 5    1

001  P5 moved 4 in 0.06091189384460449 sec.

0     4 4 4 4 5 5

      4 4 0 0 6 6    2

001  Mirzaa moved 3 in 0.060871124267578125 sec.

1     5 5 5 0 5 5

      4 4 0 0 6 6    2

001  Mirzaa moved 2 in 0.06151747703552246 sec.

2     6 6 6 1 0 5

      4 4 0 0 6 6    2

001  Mirzaa moved 1 in 0.04662632942199707 sec.

2     7 7 7 2 1 0

      4 4 0 0 6 6    2

001  P5 moved 5 in 0.044648170471191406 sec.

2     7 7 8 3 2 1

      4 4 0 0 0 7    3

001  Mirzaa moved 2 in 0.060944318771362305 sec.

2     7 7 9 4 0 1

      4 4 0 0 0 7    3

001  P5 moved 1 in 0.07765364646911621 sec.

2     7 7 9 4 0 1

      0 5 1 1 0 7    4

001  Mirzaa moved 3 in 0.046347618103027344 sec.

3     8 8 10 0 0 1

      0 5 1 1 0 7    4

001  Mirzaa moved 4 in 0.045694828033447266 sec.

4     9 9 0 0 0 2

      1 6 2 2 1 8    4

001  P5 moved 6 in 0.0762481689453125 sec.

4     10 10 1 1 1 3

      2 6 2 2 1 0    5

001  Mirzaa moved 1 in 0.06194353103637695 sec.

4     10 10 2 2 2 0

      2 6 2 2 1 0    5

001  P5 moved 2 in 0.01403951644897461 sec.

4     10 10 2 2 2 1

      2 0 3 3 2 1    6

001  Mirzaa moved 1 in 0.0456082820892334 sec.

4     10 10 2 2 3 0

      2 0 3 3 2 1    6

001  P5 moved 4 in 0.0616145133972168 sec.

4     10 10 2 2 3 0

      2 0 3 0 3 2    7

001  P5 moved 5 in 0.029566049575805664 sec.

4     10 10 2 2 3 1

      2 0 3 0 0 3    8

001  Mirzaa moved 4 in 0.06139492988586426 sec.

4     11 11 0 2 3 1

      2 0 3 0 0 3    8

001  P5 moved 3 in 0.01420736312866211 sec.

4     11 11 0 2 3 1

      2 0 0 1 1 4    8

001  Mirzaa moved 1 in 0.04623007774353027 sec.

4     11 11 0 2 4 0

      2 0 0 1 1 4    8

001  P5 moved 1 in 0.06385231018066406 sec.

4     11 11 0 2 4 0

      0 1 0 1 1 4    9

001  Mirzaa moved 6 in 0.04616427421569824 sec.

7     0 11 0 3 5 1

      1 2 0 2 2 5    9

001  P5 moved 5 in 0.044753074645996094 sec.

7     0 11 0 3 5 1

      1 2 0 2 0 6    10

001  P5 moved 6 in 0.04588031768798828 sec.

7     0 12 1 4 6 2

      1 2 0 2 0 0    11

001  Mirzaa moved 3 in 0.04575943946838379 sec.

8     1 13 2 0 6 2

      1 2 0 2 0 0    11

001  Mirzaa moved 1 in 0.061777353286743164 sec.

11     1 13 2 0 7 0

       1 2 0 0 0 0    11

001  P5 moved 2 in 0.030085325241088867 sec.

11     1 13 2 0 7 0

       1 0 1 0 0 0    12

001  Mirzaa moved 6 in 0.03158235549926758 sec.

12     0 13 2 0 7 0

       1 0 1 0 0 0    12

001  Mirzaa moved 4 in 0.06376910209655762 sec.

14     0 14 0 0 7 0

       0 0 1 0 0 0    12

001  P5 moved 3 in 0.06131410598754883 sec.

14     0 14 0 0 7 0

       0 0 0 0 0 0    13

000  The game ended correctly. P5: 13 Mirzaa: 35

000  Mirzaa win!

