001  P5 moved 3 in 0.05648064613342285 sec.

0     4 4 4 4 4 4

      4 4 0 5 5 5    1

001  P5 moved 4 in 0.04645371437072754 sec.

0     4 4 4 4 5 5

      4 4 0 0 6 6    2

001  Mirzaa moved 3 in 0.02959585189819336 sec.

1     5 5 5 0 5 5

      4 4 0 0 6 6    2

001  Mirzaa moved 2 in 0.0941476821899414 sec.

2     6 6 6 1 0 5

      4 4 0 0 6 6    2

001  Mirzaa moved 1 in 0.04532957077026367 sec.

2     7 7 7 2 1 0

      4 4 0 0 6 6    2

001  P5 moved 5 in 0.04667329788208008 sec.

2     7 7 8 3 2 1

      4 4 0 0 0 7    3

001  Mirzaa moved 2 in 0.060720205307006836 sec.

2     7 7 9 4 0 1

      4 4 0 0 0 7    3

001  P5 moved 1 in 0.061922550201416016 sec.

2     7 7 9 4 0 1

      0 5 1 1 0 7    4

001  Mirzaa moved 3 in 0.07625150680541992 sec.

3     8 8 10 0 0 1

      0 5 1 1 0 7    4

001  Mirzaa moved 4 in 0.045381784439086914 sec.

4     9 9 0 0 0 2

      1 6 2 2 1 8    4

001  P5 moved 6 in 0.029783010482788086 sec.

4     10 10 1 1 1 3

      2 6 2 2 1 0    5

001  Mirzaa moved 1 in 0.06173276901245117 sec.

4     10 10 2 2 2 0

      2 6 2 2 1 0    5

001  P5 moved 2 in 0.061449527740478516 sec.

4     10 10 2 2 2 1

      2 0 3 3 2 1    6

001  Mirzaa moved 1 in 0.07774519920349121 sec.

4     10 10 2 2 3 0

      2 0 3 3 2 1    6

001  P5 moved 4 in 0.03217148780822754 sec.

4     10 10 2 2 3 0

      2 0 3 0 3 2    7

001  P5 moved 5 in 0.0772695541381836 sec.

4     10 10 2 2 3 1

      2 0 3 0 0 3    8

001  Mirzaa moved 4 in 0.04678535461425781 sec.

4     11 11 0 2 3 1

      2 0 3 0 0 3    8

001  P5 moved 3 in 0.060044050216674805 sec.

4     11 11 0 2 3 1

      2 0 0 1 1 4    8

001  Mirzaa moved 1 in 0.060333967208862305 sec.

4     11 11 0 2 4 0

      2 0 0 1 1 4    8

001  P5 moved 1 in 0.04726672172546387 sec.

4     11 11 0 2 4 0

      0 1 0 1 1 4    9

001  Mirzaa moved 6 in 0.046675682067871094 sec.

7     0 11 0 3 5 1

      1 2 0 2 2 5    9

001  P5 moved 5 in 0.030481815338134766 sec.

7     0 11 0 3 5 1

      1 2 0 2 0 6    10

001  P5 moved 6 in 0.0759267807006836 sec.

7     0 12 1 4 6 2

      1 2 0 2 0 0    11

001  Mirzaa moved 3 in 0.06272029876708984 sec.

8     1 13 2 0 6 2

      1 2 0 2 0 0    11

001  Mirzaa moved 1 in 0.0768430233001709 sec.

11     1 13 2 0 7 0

       1 2 0 0 0 0    11

001  P5 moved 2 in 0.07734417915344238 sec.

11     1 13 2 0 7 0

       1 0 1 0 0 0    12

001  Mirzaa moved 6 in 0.06280827522277832 sec.

12     0 13 2 0 7 0

       1 0 1 0 0 0    12

001  Mirzaa moved 4 in 0.04553341865539551 sec.

14     0 14 0 0 7 0

       0 0 1 0 0 0    12

001  P5 moved 3 in 0.09399199485778809 sec.

14     0 14 0 0 7 0

       0 0 0 0 0 0    13

000  The game ended correctly. P5: 13 Mirzaa: 35

000  Mirzaa win!

