001  P4 moved 3 in 0.02463531494140625 sec.

0     4 4 4 4 4 4

      4 4 0 5 5 5    1

001  P4 moved 4 in 0.047441959381103516 sec.

0     4 4 4 4 5 5

      4 4 0 0 6 6    2

001  Mirzaa moved 3 in 0.03303384780883789 sec.

1     5 5 5 0 5 5

      4 4 0 0 6 6    2

001  Mirzaa moved 2 in 0.07805943489074707 sec.

2     6 6 6 1 0 5

      4 4 0 0 6 6    2

001  Mirzaa moved 1 in 0.07757902145385742 sec.

2     7 7 7 2 1 0

      4 4 0 0 6 6    2

001  P4 moved 5 in 0.0631093978881836 sec.

2     7 7 8 3 2 1

      4 4 0 0 0 7    3

001  Mirzaa moved 2 in 0.06192135810852051 sec.

2     7 7 9 4 0 1

      4 4 0 0 0 7    3

001  P4 moved 1 in 0.07961034774780273 sec.

2     7 7 9 4 0 1

      0 5 1 1 0 7    4

001  Mirzaa moved 3 in 0.04618406295776367 sec.

3     8 8 10 0 0 1

      0 5 1 1 0 7    4

001  Mirzaa moved 4 in 0.07724785804748535 sec.

4     9 9 0 0 0 2

      1 6 2 2 1 8    4

001  P4 moved 2 in 0.06179976463317871 sec.

4     9 9 0 0 0 3

      1 0 3 3 2 9    5

001  Mirzaa moved 6 in 0.07664108276367188 sec.

9     0 9 0 0 0 4

      2 1 4 4 0 10    5

001  P4 moved 3 in 0.06021833419799805 sec.

9     0 9 0 0 0 4

      2 1 0 5 1 11    6

001  P4 moved 1 in 0.045682430267333984 sec.

9     0 9 0 0 0 4

      0 2 0 5 1 11    7

001  Mirzaa moved 1 in 0.046271324157714844 sec.

9     0 10 1 1 1 0

      0 2 0 5 1 11    7

001  P4 moved 4 in 0.062133073806762695 sec.

9     0 10 1 1 2 1

      0 2 0 0 2 12    8

001  Mirzaa moved 5 in 0.04667806625366211 sec.

10     1 0 1 1 3 2

       1 3 1 1 3 13    8

001  P4 moved 6 in 0.031203746795654297 sec.

10     2 1 2 2 4 0

       2 4 2 2 4 0    13

001  Mirzaa moved 6 in 0.04636359214782715 sec.

11     0 1 2 2 4 0

       3 4 2 2 4 0    13

001  P4 moved 2 in 0.047482967376708984 sec.

11     0 1 2 2 4 0

       3 0 3 3 5 0    14

001  Mirzaa moved 2 in 0.045916080474853516 sec.

15     0 2 3 3 0 0

       0 0 3 3 5 0    14

001  P4 moved 3 in 0.04482436180114746 sec.

15     0 2 3 3 0 0

       0 0 0 4 6 0    15

001  Mirzaa moved 4 in 0.061585187911987305 sec.

16     1 3 0 3 0 0

       0 0 0 4 6 0    15

001  Mirzaa moved 5 in 0.030373573303222656 sec.

17     2 0 0 3 0 0

       1 0 0 4 6 0    15

001  P4 moved 1 in 0.06216311454772949 sec.

17     2 0 0 3 0 0

       0 0 0 4 6 0    16

001  Mirzaa moved 6 in 0.060721635818481445 sec.

18     0 0 0 3 0 0

       1 0 0 4 6 0    16

001  P4 moved 1 in 0.06077432632446289 sec.

18     0 0 0 3 0 0

       0 0 0 4 6 0    17

001  Mirzaa moved 3 in 0.06234145164489746 sec.

19     0 1 1 0 0 0

       0 0 0 4 6 0    17

001  P4 moved 4 in 0.06076216697692871 sec.

19     0 1 1 0 0 1

       0 0 0 0 7 1    18

001  Mirzaa moved 1 in 0.07659077644348145 sec.

27     0 1 1 0 0 0

       0 0 0 0 0 1    18

001  P4 moved 6 in 0.03002643585205078 sec.

27     0 1 1 0 0 0

       0 0 0 0 0 0    19

000  The game ended correctly. P4: 19 Mirzaa: 29

000  Mirzaa win!

