001  P4 moved 3 in 0.022130727767944336 sec.

0     4 4 4 4 4 4

      4 4 0 5 5 5    1

001  P4 moved 4 in 0.06185412406921387 sec.

0     4 4 4 4 5 5

      4 4 0 0 6 6    2

001  Mirzaa moved 3 in 0.031075239181518555 sec.

1     5 5 5 0 5 5

      4 4 0 0 6 6    2

001  Mirzaa moved 2 in 0.06089067459106445 sec.

2     6 6 6 1 0 5

      4 4 0 0 6 6    2

001  Mirzaa moved 1 in 0.04706883430480957 sec.

2     7 7 7 2 1 0

      4 4 0 0 6 6    2

001  P4 moved 5 in 0.0306699275970459 sec.

2     7 7 8 3 2 1

      4 4 0 0 0 7    3

001  Mirzaa moved 2 in 0.06173372268676758 sec.

2     7 7 9 4 0 1

      4 4 0 0 0 7    3

001  P4 moved 1 in 0.03162837028503418 sec.

2     7 7 9 4 0 1

      0 5 1 1 0 7    4

001  Mirzaa moved 3 in 0.07881808280944824 sec.

3     8 8 10 0 0 1

      0 5 1 1 0 7    4

001  Mirzaa moved 4 in 0.04667305946350098 sec.

4     9 9 0 0 0 2

      1 6 2 2 1 8    4

001  P4 moved 2 in 0.06040310859680176 sec.

4     9 9 0 0 0 3

      1 0 3 3 2 9    5

001  Mirzaa moved 6 in 0.030592679977416992 sec.

9     0 9 0 0 0 4

      2 1 4 4 0 10    5

001  P4 moved 3 in 0.0315861701965332 sec.

9     0 9 0 0 0 4

      2 1 0 5 1 11    6

001  P4 moved 1 in 0.04492974281311035 sec.

9     0 9 0 0 0 4

      0 2 0 5 1 11    7

001  Mirzaa moved 1 in 0.0614473819732666 sec.

9     0 10 1 1 1 0

      0 2 0 5 1 11    7

001  P4 moved 4 in 0.06117057800292969 sec.

9     0 10 1 1 2 1

      0 2 0 0 2 12    8

001  Mirzaa moved 5 in 0.01585865020751953 sec.

10     1 0 1 1 3 2

       1 3 1 1 3 13    8

001  P4 moved 6 in 0.027374267578125 sec.

10     2 1 2 2 4 0

       2 4 2 2 4 0    13

001  Mirzaa moved 6 in 0.02945709228515625 sec.

11     0 1 2 2 4 0

       3 4 2 2 4 0    13

001  P4 moved 2 in 0.030684232711791992 sec.

11     0 1 2 2 4 0

       3 0 3 3 5 0    14

001  Mirzaa moved 2 in 0.06172943115234375 sec.

15     0 2 3 3 0 0

       0 0 3 3 5 0    14

001  P4 moved 3 in 0.046245574951171875 sec.

15     0 2 3 3 0 0

       0 0 0 4 6 0    15

001  Mirzaa moved 4 in 0.046274423599243164 sec.

16     1 3 0 3 0 0

       0 0 0 4 6 0    15

001  Mirzaa moved 5 in 0.04649758338928223 sec.

17     2 0 0 3 0 0

       1 0 0 4 6 0    15

001  P4 moved 1 in 0.04671931266784668 sec.

17     2 0 0 3 0 0

       0 0 0 4 6 0    16

001  Mirzaa moved 6 in 0.06159067153930664 sec.

18     0 0 0 3 0 0

       1 0 0 4 6 0    16

001  P4 moved 1 in 0.031153440475463867 sec.

18     0 0 0 3 0 0

       0 0 0 4 6 0    17

001  Mirzaa moved 3 in 0.06199383735656738 sec.

19     0 1 1 0 0 0

       0 0 0 4 6 0    17

001  P4 moved 4 in 0.05919504165649414 sec.

19     0 1 1 0 0 1

       0 0 0 0 7 1    18

001  Mirzaa moved 1 in 0.04544258117675781 sec.

27     0 1 1 0 0 0

       0 0 0 0 0 1    18

001  P4 moved 6 in 0.04580283164978027 sec.

27     0 1 1 0 0 0

       0 0 0 0 0 0    19

000  The game ended correctly. P4: 19 Mirzaa: 29

000  Mirzaa win!

