001  Mirzaa moved 3 in 0.04925394058227539 sec.

1     5 5 5 0 4 4

      4 4 4 4 4 4    0

001  Mirzaa moved 4 in 0.04615497589111328 sec.

2     6 6 0 0 4 4

      5 5 4 4 4 4    0

001  P4 moved 2 in 0.031183719635009766 sec.

2     6 6 0 0 4 4

      5 0 5 5 5 5    1

001  P4 moved 3 in 0.046422481536865234 sec.

2     6 6 0 0 4 5

      5 0 0 6 6 6    2

001  Mirzaa moved 1 in 0.03071761131286621 sec.

2     7 7 1 1 5 0

      5 0 0 6 6 6    2

001  P4 moved 4 in 0.07892751693725586 sec.

2     7 7 1 2 6 1

      5 0 0 0 7 7    3

001  Mirzaa moved 1 in 0.04655289649963379 sec.

2     7 7 1 2 7 0

      5 0 0 0 7 7    3

001  P4 moved 5 in 0.02991461753845215 sec.

2     7 8 2 3 8 1

      5 0 0 0 0 8    4

001  Mirzaa moved 1 in 0.04442453384399414 sec.

2     7 8 2 3 9 0

      5 0 0 0 0 8    4

001  P4 moved 6 in 0.06141328811645508 sec.

2     8 9 3 4 10 1

      6 0 0 0 0 0    5

001  Mirzaa moved 4 in 0.060642242431640625 sec.

3     9 10 0 4 10 1

      6 0 0 0 0 0    5

001  Mirzaa moved 3 in 0.031266212463378906 sec.

4     10 11 1 0 10 1

      6 0 0 0 0 0    5

001  Mirzaa moved 2 in 0.04632925987243652 sec.

5     11 12 2 1 0 1

      7 1 1 1 1 0    5

001  P4 moved 5 in 0.045912742614746094 sec.

5     11 12 2 1 0 0

      7 1 1 1 0 0    7

001  Mirzaa moved 4 in 0.045867919921875 sec.

5     12 13 0 1 0 0

      7 1 1 1 0 0    7

001  P4 moved 1 in 0.04676938056945801 sec.

5     12 13 0 1 0 1

      0 2 2 2 1 1    8

001  Mirzaa moved 5 in 0.06199002265930176 sec.

10     13 0 1 2 1 2

       1 0 3 3 2 2    8

001  P4 moved 1 in 0.06277251243591309 sec.

10     13 0 1 2 1 2

       0 0 3 3 2 2    9

001  Mirzaa moved 3 in 0.045154571533203125 sec.

11     13 0 2 0 1 2

       0 0 3 3 2 2    9

001  P4 moved 4 in 0.09081244468688965 sec.

11     13 0 2 0 1 2

       0 0 3 0 3 3    10

001  P4 moved 5 in 0.03002142906188965 sec.

11     13 0 2 0 1 3

       0 0 3 0 0 4    11

001  Mirzaa moved 2 in 0.045642852783203125 sec.

12     13 0 2 0 0 3

       0 0 3 0 0 4    11

001  P4 moved 6 in 0.045241355895996094 sec.

12     13 0 2 1 1 4

       0 0 3 0 0 0    12

001  Mirzaa moved 1 in 0.07824993133544922 sec.

13     13 0 3 2 2 0

       0 0 3 0 0 0    12

001  P4 moved 3 in 0.04700207710266113 sec.

13     13 0 3 2 2 0

       0 0 0 1 1 0    13

001  Mirzaa moved 4 in 0.03068065643310547 sec.

14     14 1 0 2 2 0

       0 0 0 1 1 0    13

001  Mirzaa moved 6 in 0.06061553955078125 sec.

16     1 2 1 3 3 1

       1 1 1 2 2 1    13

001  Mirzaa moved 6 in 0.04580211639404297 sec.

17     0 2 1 3 3 1

       1 1 1 2 2 1    13

001  Mirzaa moved 5 in 0.030666112899780273 sec.

18     1 0 1 3 3 1

       1 1 1 2 2 1    13

001  Mirzaa moved 6 in 0.0925900936126709 sec.

19     0 0 1 3 3 1

       1 1 1 2 2 1    13

001  Mirzaa moved 2 in 0.06138873100280762 sec.

21     0 0 2 4 0 1

       1 0 1 2 2 1    13

001  P4 moved 1 in 0.06114339828491211 sec.

21     0 0 2 4 0 1

       0 0 1 2 2 1    14

001  Mirzaa moved 3 in 0.06186413764953613 sec.

22     1 1 3 0 0 1

       0 0 1 2 2 1    14

001  Mirzaa moved 4 in 0.030621767044067383 sec.

23     2 2 0 0 0 1

       0 0 1 2 2 1    14

001  Mirzaa moved 5 in 0.06069636344909668 sec.

24     3 0 0 0 0 1

       0 0 1 2 2 1    14

001  Mirzaa moved 1 in 0.030608654022216797 sec.

27     3 0 0 0 0 0

       0 0 1 2 0 1    14

001  P4 moved 6 in 0.029526948928833008 sec.

27     3 0 0 0 0 0

       0 0 1 2 0 0    15

001  P4 moved 4 in 0.04618406295776367 sec.

27     3 0 0 0 0 0

       0 0 1 0 1 0    16

001  Mirzaa moved 6 in 0.061130523681640625 sec.

28     0 0 0 0 0 0

       1 1 1 0 1 0    16

000  The game ended correctly. P4: 20 Mirzaa: 28

000  Mirzaa win!

