001  Mirzaa moved 3 in 0.03620505332946777 sec.

1     5 5 5 0 4 4

      4 4 4 4 4 4    0

001  Mirzaa moved 4 in 0.03126955032348633 sec.

2     6 6 0 0 4 4

      5 5 4 4 4 4    0

001  P4 moved 2 in 0.04498791694641113 sec.

2     6 6 0 0 4 4

      5 0 5 5 5 5    1

001  P4 moved 3 in 0.06207895278930664 sec.

2     6 6 0 0 4 5

      5 0 0 6 6 6    2

001  Mirzaa moved 1 in 0.044495582580566406 sec.

2     7 7 1 1 5 0

      5 0 0 6 6 6    2

001  P4 moved 4 in 0.04733872413635254 sec.

2     7 7 1 2 6 1

      5 0 0 0 7 7    3

001  Mirzaa moved 1 in 0.06054568290710449 sec.

2     7 7 1 2 7 0

      5 0 0 0 7 7    3

001  P4 moved 5 in 0.045119524002075195 sec.

2     7 8 2 3 8 1

      5 0 0 0 0 8    4

001  Mirzaa moved 1 in 0.04564237594604492 sec.

2     7 8 2 3 9 0

      5 0 0 0 0 8    4

001  P4 moved 6 in 0.04483842849731445 sec.

2     8 9 3 4 10 1

      6 0 0 0 0 0    5

001  Mirzaa moved 4 in 0.06068110466003418 sec.

3     9 10 0 4 10 1

      6 0 0 0 0 0    5

001  Mirzaa moved 3 in 0.029666900634765625 sec.

4     10 11 1 0 10 1

      6 0 0 0 0 0    5

001  Mirzaa moved 2 in 0.04539656639099121 sec.

5     11 12 2 1 0 1

      7 1 1 1 1 0    5

001  P4 moved 5 in 0.06217551231384277 sec.

5     11 12 2 1 0 0

      7 1 1 1 0 0    7

001  Mirzaa moved 4 in 0.07719039916992188 sec.

5     12 13 0 1 0 0

      7 1 1 1 0 0    7

001  P4 moved 1 in 0.04610729217529297 sec.

5     12 13 0 1 0 1

      0 2 2 2 1 1    8

001  Mirzaa moved 5 in 0.047063589096069336 sec.

10     13 0 1 2 1 2

       1 0 3 3 2 2    8

001  P4 moved 1 in 0.030138015747070312 sec.

10     13 0 1 2 1 2

       0 0 3 3 2 2    9

001  Mirzaa moved 3 in 0.06147003173828125 sec.

11     13 0 2 0 1 2

       0 0 3 3 2 2    9

001  P4 moved 4 in 0.0631103515625 sec.

11     13 0 2 0 1 2

       0 0 3 0 3 3    10

001  P4 moved 5 in 0.06205439567565918 sec.

11     13 0 2 0 1 3

       0 0 3 0 0 4    11

001  Mirzaa moved 2 in 0.06128883361816406 sec.

12     13 0 2 0 0 3

       0 0 3 0 0 4    11

001  P4 moved 6 in 0.04627656936645508 sec.

12     13 0 2 1 1 4

       0 0 3 0 0 0    12

001  Mirzaa moved 1 in 0.07782101631164551 sec.

13     13 0 3 2 2 0

       0 0 3 0 0 0    12

001  P4 moved 3 in 0.04597830772399902 sec.

13     13 0 3 2 2 0

       0 0 0 1 1 0    13

001  Mirzaa moved 4 in 0.07692933082580566 sec.

14     14 1 0 2 2 0

       0 0 0 1 1 0    13

001  Mirzaa moved 6 in 0.0774686336517334 sec.

16     1 2 1 3 3 1

       1 1 1 2 2 1    13

001  Mirzaa moved 6 in 0.04657316207885742 sec.

17     0 2 1 3 3 1

       1 1 1 2 2 1    13

001  Mirzaa moved 5 in 0.04611682891845703 sec.

18     1 0 1 3 3 1

       1 1 1 2 2 1    13

001  Mirzaa moved 6 in 0.04644370079040527 sec.

19     0 0 1 3 3 1

       1 1 1 2 2 1    13

001  Mirzaa moved 2 in 0.07560300827026367 sec.

21     0 0 2 4 0 1

       1 0 1 2 2 1    13

001  P4 moved 1 in 0.06271791458129883 sec.

21     0 0 2 4 0 1

       0 0 1 2 2 1    14

001  Mirzaa moved 3 in 0.07844042778015137 sec.

22     1 1 3 0 0 1

       0 0 1 2 2 1    14

001  Mirzaa moved 4 in 0.076904296875 sec.

23     2 2 0 0 0 1

       0 0 1 2 2 1    14

001  Mirzaa moved 5 in 0.0607759952545166 sec.

24     3 0 0 0 0 1

       0 0 1 2 2 1    14

001  Mirzaa moved 1 in 0.061431884765625 sec.

27     3 0 0 0 0 0

       0 0 1 2 0 1    14

001  P4 moved 6 in 0.061434268951416016 sec.

27     3 0 0 0 0 0

       0 0 1 2 0 0    15

001  P4 moved 4 in 0.06611013412475586 sec.

27     3 0 0 0 0 0

       0 0 1 0 1 0    16

001  Mirzaa moved 6 in 0.0900278091430664 sec.

28     0 0 0 0 0 0

       1 1 1 0 1 0    16

000  The game ended correctly. P4: 20 Mirzaa: 28

000  Mirzaa win!

