001  P4 moved 3 in 0.08222770690917969 sec.

0     4 4 4 4 4 4

      4 4 0 5 5 5    1

001  P4 moved 4 in 0.061435699462890625 sec.

0     4 4 4 4 5 5

      4 4 0 0 6 6    2

001  Mirzaa moved 3 in 0.04669356346130371 sec.

1     5 5 5 0 5 5

      4 4 0 0 6 6    2

001  Mirzaa moved 2 in 0.06204819679260254 sec.

2     6 6 6 1 0 5

      4 4 0 0 6 6    2

001  Mirzaa moved 1 in 0.059839487075805664 sec.

2     7 7 7 2 1 0

      4 4 0 0 6 6    2

001  P4 moved 5 in 0.0774695873260498 sec.

2     7 7 8 3 2 1

      4 4 0 0 0 7    3

001  Mirzaa moved 2 in 0.06131792068481445 sec.

2     7 7 9 4 0 1

      4 4 0 0 0 7    3

001  P4 moved 1 in 0.046701669692993164 sec.

2     7 7 9 4 0 1

      0 5 1 1 0 7    4

001  Mirzaa moved 3 in 0.02955484390258789 sec.

3     8 8 10 0 0 1

      0 5 1 1 0 7    4

001  Mirzaa moved 4 in 0.05967283248901367 sec.

4     9 9 0 0 0 2

      1 6 2 2 1 8    4

001  P4 moved 2 in 0.0445713996887207 sec.

4     9 9 0 0 0 3

      1 0 3 3 2 9    5

001  Mirzaa moved 6 in 0.06269073486328125 sec.

9     0 9 0 0 0 4

      2 1 4 4 0 10    5

001  P4 moved 3 in 0.061925411224365234 sec.

9     0 9 0 0 0 4

      2 1 0 5 1 11    6

001  P4 moved 1 in 0.04571032524108887 sec.

9     0 9 0 0 0 4

      0 2 0 5 1 11    7

001  Mirzaa moved 1 in 0.060575246810913086 sec.

9     0 10 1 1 1 0

      0 2 0 5 1 11    7

001  P4 moved 4 in 0.06216931343078613 sec.

9     0 10 1 1 2 1

      0 2 0 0 2 12    8

001  Mirzaa moved 5 in 0.07607913017272949 sec.

10     1 0 1 1 3 2

       1 3 1 1 3 13    8

001  P4 moved 6 in 0.045638084411621094 sec.

10     2 1 2 2 4 0

       2 4 2 2 4 0    13

001  Mirzaa moved 6 in 0.04743075370788574 sec.

11     0 1 2 2 4 0

       3 4 2 2 4 0    13

001  P4 moved 2 in 0.046804189682006836 sec.

11     0 1 2 2 4 0

       3 0 3 3 5 0    14

001  Mirzaa moved 2 in 0.04589486122131348 sec.

15     0 2 3 3 0 0

       0 0 3 3 5 0    14

001  P4 moved 3 in 0.0771787166595459 sec.

15     0 2 3 3 0 0

       0 0 0 4 6 0    15

001  Mirzaa moved 4 in 0.01595163345336914 sec.

16     1 3 0 3 0 0

       0 0 0 4 6 0    15

001  Mirzaa moved 5 in 0.04684591293334961 sec.

17     2 0 0 3 0 0

       1 0 0 4 6 0    15

001  P4 moved 1 in 0.046999454498291016 sec.

17     2 0 0 3 0 0

       0 0 0 4 6 0    16

001  Mirzaa moved 6 in 0.015698909759521484 sec.

18     0 0 0 3 0 0

       1 0 0 4 6 0    16

001  P4 moved 1 in 0.06217026710510254 sec.

18     0 0 0 3 0 0

       0 0 0 4 6 0    17

001  Mirzaa moved 3 in 0.045992136001586914 sec.

19     0 1 1 0 0 0

       0 0 0 4 6 0    17

001  P4 moved 4 in 0.03018498420715332 sec.

19     0 1 1 0 0 1

       0 0 0 0 7 1    18

001  Mirzaa moved 1 in 0.04763150215148926 sec.

27     0 1 1 0 0 0

       0 0 0 0 0 1    18

001  P4 moved 6 in 0.045274972915649414 sec.

27     0 1 1 0 0 0

       0 0 0 0 0 0    19

000  The game ended correctly. P4: 19 Mirzaa: 29

000  Mirzaa win!

