001  Mirzaa moved 3 in 0.06281447410583496 sec.

1     5 5 5 0 4 4

      4 4 4 4 4 4    0

001  Mirzaa moved 4 in 0.061781883239746094 sec.

2     6 6 0 0 4 4

      5 5 4 4 4 4    0

001  P4 moved 2 in 0.061414241790771484 sec.

2     6 6 0 0 4 4

      5 0 5 5 5 5    1

001  P4 moved 3 in 0.0767979621887207 sec.

2     6 6 0 0 4 5

      5 0 0 6 6 6    2

001  Mirzaa moved 1 in 0.03007197380065918 sec.

2     7 7 1 1 5 0

      5 0 0 6 6 6    2

001  P4 moved 4 in 0.045352935791015625 sec.

2     7 7 1 2 6 1

      5 0 0 0 7 7    3

001  Mirzaa moved 1 in 0.045877933502197266 sec.

2     7 7 1 2 7 0

      5 0 0 0 7 7    3

001  P4 moved 5 in 0.061452388763427734 sec.

2     7 8 2 3 8 1

      5 0 0 0 0 8    4

001  Mirzaa moved 1 in 0.04658079147338867 sec.

2     7 8 2 3 9 0

      5 0 0 0 0 8    4

001  P4 moved 6 in 0.06292510032653809 sec.

2     8 9 3 4 10 1

      6 0 0 0 0 0    5

001  Mirzaa moved 4 in 0.04584455490112305 sec.

3     9 10 0 4 10 1

      6 0 0 0 0 0    5

001  Mirzaa moved 3 in 0.014543294906616211 sec.

4     10 11 1 0 10 1

      6 0 0 0 0 0    5

001  Mirzaa moved 2 in 0.04777216911315918 sec.

5     11 12 2 1 0 1

      7 1 1 1 1 0    5

001  P4 moved 5 in 0.030780315399169922 sec.

5     11 12 2 1 0 0

      7 1 1 1 0 0    7

001  Mirzaa moved 4 in 0.04606461524963379 sec.

5     12 13 0 1 0 0

      7 1 1 1 0 0    7

001  P4 moved 1 in 0.015578985214233398 sec.

5     12 13 0 1 0 1

      0 2 2 2 1 1    8

001  Mirzaa moved 5 in 0.04532122611999512 sec.

10     13 0 1 2 1 2

       1 0 3 3 2 2    8

001  P4 moved 1 in 0.04684853553771973 sec.

10     13 0 1 2 1 2

       0 0 3 3 2 2    9

001  Mirzaa moved 3 in 0.06144976615905762 sec.

11     13 0 2 0 1 2

       0 0 3 3 2 2    9

001  P4 moved 4 in 0.06174874305725098 sec.

11     13 0 2 0 1 2

       0 0 3 0 3 3    10

001  P4 moved 5 in 0.04632711410522461 sec.

11     13 0 2 0 1 3

       0 0 3 0 0 4    11

001  Mirzaa moved 2 in 0.03025507926940918 sec.

12     13 0 2 0 0 3

       0 0 3 0 0 4    11

001  P4 moved 6 in 0.060170650482177734 sec.

12     13 0 2 1 1 4

       0 0 3 0 0 0    12

001  Mirzaa moved 1 in 0.03002190589904785 sec.

13     13 0 3 2 2 0

       0 0 3 0 0 0    12

001  P4 moved 3 in 0.030359268188476562 sec.

13     13 0 3 2 2 0

       0 0 0 1 1 0    13

001  Mirzaa moved 4 in 0.045346736907958984 sec.

14     14 1 0 2 2 0

       0 0 0 1 1 0    13

001  Mirzaa moved 6 in 0.0457918643951416 sec.

16     1 2 1 3 3 1

       1 1 1 2 2 1    13

001  Mirzaa moved 6 in 0.03020167350769043 sec.

17     0 2 1 3 3 1

       1 1 1 2 2 1    13

001  Mirzaa moved 5 in 0.06155967712402344 sec.

18     1 0 1 3 3 1

       1 1 1 2 2 1    13

001  Mirzaa moved 6 in 0.04683494567871094 sec.

19     0 0 1 3 3 1

       1 1 1 2 2 1    13

001  Mirzaa moved 2 in 0.07709407806396484 sec.

21     0 0 2 4 0 1

       1 0 1 2 2 1    13

001  P4 moved 1 in 0.07722020149230957 sec.

21     0 0 2 4 0 1

       0 0 1 2 2 1    14

001  Mirzaa moved 3 in 0.03160285949707031 sec.

22     1 1 3 0 0 1

       0 0 1 2 2 1    14

001  Mirzaa moved 4 in 0.0622401237487793 sec.

23     2 2 0 0 0 1

       0 0 1 2 2 1    14

001  Mirzaa moved 5 in 0.029530048370361328 sec.

24     3 0 0 0 0 1

       0 0 1 2 2 1    14

001  Mirzaa moved 1 in 0.045851707458496094 sec.

27     3 0 0 0 0 0

       0 0 1 2 0 1    14

001  P4 moved 6 in 0.04546642303466797 sec.

27     3 0 0 0 0 0

       0 0 1 2 0 0    15

001  P4 moved 4 in 0.06093859672546387 sec.

27     3 0 0 0 0 0

       0 0 1 0 1 0    16

001  Mirzaa moved 6 in 0.0467376708984375 sec.

28     0 0 0 0 0 0

       1 1 1 0 1 0    16

000  The game ended correctly. P4: 20 Mirzaa: 28

000  Mirzaa win!

