001  P4 moved 3 in 0.04318523406982422 sec.

0     4 4 4 4 4 4

      4 4 0 5 5 5    1

001  P4 moved 4 in 0.046257734298706055 sec.

0     4 4 4 4 5 5

      4 4 0 0 6 6    2

001  Mirzaa moved 3 in 0.030498027801513672 sec.

1     5 5 5 0 5 5

      4 4 0 0 6 6    2

001  Mirzaa moved 2 in 0.02995753288269043 sec.

2     6 6 6 1 0 5

      4 4 0 0 6 6    2

001  Mirzaa moved 1 in 0.01383209228515625 sec.

2     7 7 7 2 1 0

      4 4 0 0 6 6    2

001  P4 moved 5 in 0.0627448558807373 sec.

2     7 7 8 3 2 1

      4 4 0 0 0 7    3

001  Mirzaa moved 2 in 0.030599594116210938 sec.

2     7 7 9 4 0 1

      4 4 0 0 0 7    3

001  P4 moved 1 in 0.045001983642578125 sec.

2     7 7 9 4 0 1

      0 5 1 1 0 7    4

001  Mirzaa moved 3 in 0.09076666831970215 sec.

3     8 8 10 0 0 1

      0 5 1 1 0 7    4

001  Mirzaa moved 4 in 0.06140899658203125 sec.

4     9 9 0 0 0 2

      1 6 2 2 1 8    4

001  P4 moved 2 in 0.06160998344421387 sec.

4     9 9 0 0 0 3

      1 0 3 3 2 9    5

001  Mirzaa moved 6 in 0.04533743858337402 sec.

9     0 9 0 0 0 4

      2 1 4 4 0 10    5

001  P4 moved 3 in 0.06119275093078613 sec.

9     0 9 0 0 0 4

      2 1 0 5 1 11    6

001  P4 moved 1 in 0.014121055603027344 sec.

9     0 9 0 0 0 4

      0 2 0 5 1 11    7

001  Mirzaa moved 1 in 0.03056931495666504 sec.

9     0 10 1 1 1 0

      0 2 0 5 1 11    7

001  P4 moved 4 in 0.029981374740600586 sec.

9     0 10 1 1 2 1

      0 2 0 0 2 12    8

001  Mirzaa moved 5 in 0.030678272247314453 sec.

10     1 0 1 1 3 2

       1 3 1 1 3 13    8

001  P4 moved 6 in 0.061167240142822266 sec.

10     2 1 2 2 4 0

       2 4 2 2 4 0    13

001  Mirzaa moved 6 in 0.04674816131591797 sec.

11     0 1 2 2 4 0

       3 4 2 2 4 0    13

001  P4 moved 2 in 0.06087493896484375 sec.

11     0 1 2 2 4 0

       3 0 3 3 5 0    14

001  Mirzaa moved 2 in 0.06165933609008789 sec.

15     0 2 3 3 0 0

       0 0 3 3 5 0    14

001  P4 moved 3 in 0.07759261131286621 sec.

15     0 2 3 3 0 0

       0 0 0 4 6 0    15

001  Mirzaa moved 4 in 0.061615705490112305 sec.

16     1 3 0 3 0 0

       0 0 0 4 6 0    15

001  Mirzaa moved 5 in 0.030537843704223633 sec.

17     2 0 0 3 0 0

       1 0 0 4 6 0    15

001  P4 moved 1 in 0.030098438262939453 sec.

17     2 0 0 3 0 0

       0 0 0 4 6 0    16

001  Mirzaa moved 6 in 0.03164267539978027 sec.

18     0 0 0 3 0 0

       1 0 0 4 6 0    16

001  P4 moved 1 in 0.046628713607788086 sec.

18     0 0 0 3 0 0

       0 0 0 4 6 0    17

001  Mirzaa moved 3 in 0.06180167198181152 sec.

19     0 1 1 0 0 0

       0 0 0 4 6 0    17

001  P4 moved 4 in 0.0305325984954834 sec.

19     0 1 1 0 0 1

       0 0 0 0 7 1    18

001  Mirzaa moved 1 in 0.030355215072631836 sec.

27     0 1 1 0 0 0

       0 0 0 0 0 1    18

001  P4 moved 6 in 0.06193089485168457 sec.

27     0 1 1 0 0 0

       0 0 0 0 0 0    19

000  The game ended correctly. P4: 19 Mirzaa: 29

000  Mirzaa win!

