001  Mirzaa moved 3 in 0.048598289489746094 sec.

1     5 5 5 0 4 4

      4 4 4 4 4 4    0

001  Mirzaa moved 4 in 0.015561342239379883 sec.

2     6 6 0 0 4 4

      5 5 4 4 4 4    0

001  P4 moved 2 in 0.06053638458251953 sec.

2     6 6 0 0 4 4

      5 0 5 5 5 5    1

001  P4 moved 3 in 0.030236005783081055 sec.

2     6 6 0 0 4 5

      5 0 0 6 6 6    2

001  Mirzaa moved 1 in 0.029317855834960938 sec.

2     7 7 1 1 5 0

      5 0 0 6 6 6    2

001  P4 moved 4 in 0.06294631958007812 sec.

2     7 7 1 2 6 1

      5 0 0 0 7 7    3

001  Mirzaa moved 1 in 0.03115701675415039 sec.

2     7 7 1 2 7 0

      5 0 0 0 7 7    3

001  P4 moved 5 in 0.07738947868347168 sec.

2     7 8 2 3 8 1

      5 0 0 0 0 8    4

001  Mirzaa moved 1 in 0.07690620422363281 sec.

2     7 8 2 3 9 0

      5 0 0 0 0 8    4

001  P4 moved 6 in 0.029942750930786133 sec.

2     8 9 3 4 10 1

      6 0 0 0 0 0    5

001  Mirzaa moved 4 in 0.06053471565246582 sec.

3     9 10 0 4 10 1

      6 0 0 0 0 0    5

001  Mirzaa moved 3 in 0.07701635360717773 sec.

4     10 11 1 0 10 1

      6 0 0 0 0 0    5

001  Mirzaa moved 2 in 0.07685017585754395 sec.

5     11 12 2 1 0 1

      7 1 1 1 1 0    5

001  P4 moved 5 in 0.06136322021484375 sec.

5     11 12 2 1 0 0

      7 1 1 1 0 0    7

001  Mirzaa moved 4 in 0.06101799011230469 sec.

5     12 13 0 1 0 0

      7 1 1 1 0 0    7

001  P4 moved 1 in 0.04524731636047363 sec.

5     12 13 0 1 0 1

      0 2 2 2 1 1    8

001  Mirzaa moved 5 in 0.07619857788085938 sec.

10     13 0 1 2 1 2

       1 0 3 3 2 2    8

001  P4 moved 1 in 0.04575228691101074 sec.

10     13 0 1 2 1 2

       0 0 3 3 2 2    9

001  Mirzaa moved 3 in 0.06037020683288574 sec.

11     13 0 2 0 1 2

       0 0 3 3 2 2    9

001  P4 moved 4 in 0.07745027542114258 sec.

11     13 0 2 0 1 2

       0 0 3 0 3 3    10

001  P4 moved 5 in 0.04645895957946777 sec.

11     13 0 2 0 1 3

       0 0 3 0 0 4    11

001  Mirzaa moved 2 in 0.06245589256286621 sec.

12     13 0 2 0 0 3

       0 0 3 0 0 4    11

001  P4 moved 6 in 0.04514813423156738 sec.

12     13 0 2 1 1 4

       0 0 3 0 0 0    12

001  Mirzaa moved 1 in 0.061493635177612305 sec.

13     13 0 3 2 2 0

       0 0 3 0 0 0    12

001  P4 moved 3 in 0.030114173889160156 sec.

13     13 0 3 2 2 0

       0 0 0 1 1 0    13

001  Mirzaa moved 4 in 0.030407190322875977 sec.

14     14 1 0 2 2 0

       0 0 0 1 1 0    13

001  Mirzaa moved 6 in 0.06270885467529297 sec.

16     1 2 1 3 3 1

       1 1 1 2 2 1    13

001  Mirzaa moved 6 in 0.044638872146606445 sec.

17     0 2 1 3 3 1

       1 1 1 2 2 1    13

001  Mirzaa moved 5 in 0.07803702354431152 sec.

18     1 0 1 3 3 1

       1 1 1 2 2 1    13

001  Mirzaa moved 6 in 0.06143546104431152 sec.

19     0 0 1 3 3 1

       1 1 1 2 2 1    13

001  Mirzaa moved 2 in 0.04675555229187012 sec.

21     0 0 2 4 0 1

       1 0 1 2 2 1    13

001  P4 moved 1 in 0.0311276912689209 sec.

21     0 0 2 4 0 1

       0 0 1 2 2 1    14

001  Mirzaa moved 3 in 0.04562950134277344 sec.

22     1 1 3 0 0 1

       0 0 1 2 2 1    14

001  Mirzaa moved 4 in 0.04534626007080078 sec.

23     2 2 0 0 0 1

       0 0 1 2 2 1    14

001  Mirzaa moved 5 in 0.07591080665588379 sec.

24     3 0 0 0 0 1

       0 0 1 2 2 1    14

001  Mirzaa moved 1 in 0.04628801345825195 sec.

27     3 0 0 0 0 0

       0 0 1 2 0 1    14

001  P4 moved 6 in 0.04505658149719238 sec.

27     3 0 0 0 0 0

       0 0 1 2 0 0    15

001  P4 moved 4 in 0.04657340049743652 sec.

27     3 0 0 0 0 0

       0 0 1 0 1 0    16

001  Mirzaa moved 6 in 0.030295848846435547 sec.

28     0 0 0 0 0 0

       1 1 1 0 1 0    16

000  The game ended correctly. P4: 20 Mirzaa: 28

000  Mirzaa win!

