001  Mirzaa moved 3 in 0.06275439262390137 sec.

1     5 5 5 0 4 4

      4 4 4 4 4 4    0

001  Mirzaa moved 4 in 0.03154253959655762 sec.

2     6 6 0 0 4 4

      5 5 4 4 4 4    0

001  P4 moved 2 in 0.06162285804748535 sec.

2     6 6 0 0 4 4

      5 0 5 5 5 5    1

001  P4 moved 3 in 0.030217409133911133 sec.

2     6 6 0 0 4 5

      5 0 0 6 6 6    2

001  Mirzaa moved 1 in 0.04538750648498535 sec.

2     7 7 1 1 5 0

      5 0 0 6 6 6    2

001  P4 moved 4 in 0.04669022560119629 sec.

2     7 7 1 2 6 1

      5 0 0 0 7 7    3

001  Mirzaa moved 1 in 0.04675769805908203 sec.

2     7 7 1 2 7 0

      5 0 0 0 7 7    3

001  P4 moved 5 in 0.04677224159240723 sec.

2     7 8 2 3 8 1

      5 0 0 0 0 8    4

001  Mirzaa moved 1 in 0.06277036666870117 sec.

2     7 8 2 3 9 0

      5 0 0 0 0 8    4

001  P4 moved 6 in 0.0457155704498291 sec.

2     8 9 3 4 10 1

      6 0 0 0 0 0    5

001  Mirzaa moved 4 in 0.04440951347351074 sec.

3     9 10 0 4 10 1

      6 0 0 0 0 0    5

001  Mirzaa moved 3 in 0.014247417449951172 sec.

4     10 11 1 0 10 1

      6 0 0 0 0 0    5

001  Mirzaa moved 2 in 0.0453495979309082 sec.

5     11 12 2 1 0 1

      7 1 1 1 1 0    5

001  P4 moved 5 in 0.07830095291137695 sec.

5     11 12 2 1 0 0

      7 1 1 1 0 0    7

001  Mirzaa moved 4 in 0.046160221099853516 sec.

5     12 13 0 1 0 0

      7 1 1 1 0 0    7

001  P4 moved 1 in 0.0451664924621582 sec.

5     12 13 0 1 0 1

      0 2 2 2 1 1    8

001  Mirzaa moved 5 in 0.03020310401916504 sec.

10     13 0 1 2 1 2

       1 0 3 3 2 2    8

001  P4 moved 1 in 0.06099390983581543 sec.

10     13 0 1 2 1 2

       0 0 3 3 2 2    9

001  Mirzaa moved 3 in 0.09191608428955078 sec.

11     13 0 2 0 1 2

       0 0 3 3 2 2    9

001  P4 moved 4 in 0.030055999755859375 sec.

11     13 0 2 0 1 2

       0 0 3 0 3 3    10

001  P4 moved 5 in 0.06147003173828125 sec.

11     13 0 2 0 1 3

       0 0 3 0 0 4    11

001  Mirzaa moved 2 in 0.045789480209350586 sec.

12     13 0 2 0 0 3

       0 0 3 0 0 4    11

001  P4 moved 6 in 0.07641053199768066 sec.

12     13 0 2 1 1 4

       0 0 3 0 0 0    12

001  Mirzaa moved 1 in 0.06058955192565918 sec.

13     13 0 3 2 2 0

       0 0 3 0 0 0    12

001  P4 moved 3 in 0.0310060977935791 sec.

13     13 0 3 2 2 0

       0 0 0 1 1 0    13

001  Mirzaa moved 4 in 0.0765388011932373 sec.

14     14 1 0 2 2 0

       0 0 0 1 1 0    13

001  Mirzaa moved 6 in 0.0768575668334961 sec.

16     1 2 1 3 3 1

       1 1 1 2 2 1    13

001  Mirzaa moved 6 in 0.0764319896697998 sec.

17     0 2 1 3 3 1

       1 1 1 2 2 1    13

001  Mirzaa moved 5 in 0.060820579528808594 sec.

18     1 0 1 3 3 1

       1 1 1 2 2 1    13

001  Mirzaa moved 6 in 0.07713508605957031 sec.

19     0 0 1 3 3 1

       1 1 1 2 2 1    13

001  Mirzaa moved 2 in 0.045074462890625 sec.

21     0 0 2 4 0 1

       1 0 1 2 2 1    13

001  P4 moved 1 in 0.06167936325073242 sec.

21     0 0 2 4 0 1

       0 0 1 2 2 1    14

001  Mirzaa moved 3 in 0.04581856727600098 sec.

22     1 1 3 0 0 1

       0 0 1 2 2 1    14

001  Mirzaa moved 4 in 0.06215977668762207 sec.

23     2 2 0 0 0 1

       0 0 1 2 2 1    14

001  Mirzaa moved 5 in 0.04773879051208496 sec.

24     3 0 0 0 0 1

       0 0 1 2 2 1    14

001  Mirzaa moved 1 in 0.07801151275634766 sec.

27     3 0 0 0 0 0

       0 0 1 2 0 1    14

001  P4 moved 6 in 0.03155827522277832 sec.

27     3 0 0 0 0 0

       0 0 1 2 0 0    15

001  P4 moved 4 in 0.0632944107055664 sec.

27     3 0 0 0 0 0

       0 0 1 0 1 0    16

001  Mirzaa moved 6 in 0.03143668174743652 sec.

28     0 0 0 0 0 0

       1 1 1 0 1 0    16

000  The game ended correctly. P4: 20 Mirzaa: 28

000  Mirzaa win!

