001  P4 moved 3 in 0.038817644119262695 sec.

0     4 4 4 4 4 4

      4 4 0 5 5 5    1

001  P4 moved 4 in 0.029235363006591797 sec.

0     4 4 4 4 5 5

      4 4 0 0 6 6    2

001  Mirzaa moved 3 in 0.06068277359008789 sec.

1     5 5 5 0 5 5

      4 4 0 0 6 6    2

001  Mirzaa moved 2 in 0.06113767623901367 sec.

2     6 6 6 1 0 5

      4 4 0 0 6 6    2

001  Mirzaa moved 1 in 0.061603546142578125 sec.

2     7 7 7 2 1 0

      4 4 0 0 6 6    2

001  P4 moved 5 in 0.04495716094970703 sec.

2     7 7 8 3 2 1

      4 4 0 0 0 7    3

001  Mirzaa moved 2 in 0.060509681701660156 sec.

2     7 7 9 4 0 1

      4 4 0 0 0 7    3

001  P4 moved 1 in 0.04612231254577637 sec.

2     7 7 9 4 0 1

      0 5 1 1 0 7    4

001  Mirzaa moved 3 in 0.07694649696350098 sec.

3     8 8 10 0 0 1

      0 5 1 1 0 7    4

001  Mirzaa moved 4 in 0.06083846092224121 sec.

4     9 9 0 0 0 2

      1 6 2 2 1 8    4

001  P4 moved 2 in 0.030265092849731445 sec.

4     9 9 0 0 0 3

      1 0 3 3 2 9    5

001  Mirzaa moved 6 in 0.07657957077026367 sec.

9     0 9 0 0 0 4

      2 1 4 4 0 10    5

001  P4 moved 3 in 0.033208608627319336 sec.

9     0 9 0 0 0 4

      2 1 0 5 1 11    6

001  P4 moved 1 in 0.081878662109375 sec.

9     0 9 0 0 0 4

      0 2 0 5 1 11    7

001  Mirzaa moved 1 in 0.06215548515319824 sec.

9     0 10 1 1 1 0

      0 2 0 5 1 11    7

001  P4 moved 4 in 0.029096126556396484 sec.

9     0 10 1 1 2 1

      0 2 0 0 2 12    8

001  Mirzaa moved 5 in 0.030271530151367188 sec.

10     1 0 1 1 3 2

       1 3 1 1 3 13    8

001  P4 moved 6 in 0.06095576286315918 sec.

10     2 1 2 2 4 0

       2 4 2 2 4 0    13

001  Mirzaa moved 6 in 0.044683218002319336 sec.

11     0 1 2 2 4 0

       3 4 2 2 4 0    13

001  P4 moved 2 in 0.06271815299987793 sec.

11     0 1 2 2 4 0

       3 0 3 3 5 0    14

001  Mirzaa moved 2 in 0.031603336334228516 sec.

15     0 2 3 3 0 0

       0 0 3 3 5 0    14

001  P4 moved 3 in 0.029729843139648438 sec.

15     0 2 3 3 0 0

       0 0 0 4 6 0    15

001  Mirzaa moved 4 in 0.046304941177368164 sec.

16     1 3 0 3 0 0

       0 0 0 4 6 0    15

001  Mirzaa moved 5 in 0.04491138458251953 sec.

17     2 0 0 3 0 0

       1 0 0 4 6 0    15

001  P4 moved 1 in 0.04695010185241699 sec.

17     2 0 0 3 0 0

       0 0 0 4 6 0    16

001  Mirzaa moved 6 in 0.06285238265991211 sec.

18     0 0 0 3 0 0

       1 0 0 4 6 0    16

001  P4 moved 1 in 0.030745506286621094 sec.

18     0 0 0 3 0 0

       0 0 0 4 6 0    17

001  Mirzaa moved 3 in 0.07563304901123047 sec.

19     0 1 1 0 0 0

       0 0 0 4 6 0    17

001  P4 moved 4 in 0.04557180404663086 sec.

19     0 1 1 0 0 1

       0 0 0 0 7 1    18

001  Mirzaa moved 1 in 0.07680511474609375 sec.

27     0 1 1 0 0 0

       0 0 0 0 0 1    18

001  P4 moved 6 in 0.029770612716674805 sec.

27     0 1 1 0 0 0

       0 0 0 0 0 0    19

000  The game ended correctly. P4: 19 Mirzaa: 29

000  Mirzaa win!

