001  Mirzaa moved 3 in 0.04460787773132324 sec.

0     4 4 4 4 4 4

      4 4 0 5 5 5    1

001  Mirzaa moved 4 in 0.031176328659057617 sec.

0     4 4 4 4 5 5

      4 4 0 0 6 6    2

001  P3 moved 1 in 0.06140756607055664 sec.

0     5 5 5 5 6 0

      4 4 0 0 6 6    2

001  Mirzaa moved 6 in 0.07732725143432617 sec.

0     5 6 6 6 7 1

      4 4 0 0 6 0    3

001  P3 moved 1 in 0.0598292350769043 sec.

0     5 6 6 6 8 0

      4 4 0 0 6 0    3

001  Mirzaa moved 2 in 0.060724735260009766 sec.

0     5 6 6 6 8 0

      4 0 1 1 7 0    4

001  P3 moved 3 in 0.0315704345703125 sec.

1     6 7 7 0 8 0

      5 1 1 1 7 0    4

001  Mirzaa moved 1 in 0.04711270332336426 sec.

1     6 7 7 0 8 0

      0 2 2 2 8 0    5

001  P3 moved 2 in 0.0617830753326416 sec.

2     7 8 8 1 0 0

      1 3 3 2 8 0    5

001  Mirzaa moved 3 in 0.06028246879577637 sec.

2     7 8 8 1 0 0

      1 3 0 3 9 0    6

001  P3 moved 5 in 0.06168484687805176 sec.

3     8 0 8 1 0 0

      2 4 1 4 10 1    6

001  Mirzaa moved 5 in 0.06077170372009277 sec.

3     9 1 9 2 1 1

      3 5 1 4 0 2    7

001  P3 moved 1 in 0.046680450439453125 sec.

3     9 1 9 2 2 0

      3 5 1 4 0 2    7

001  Mirzaa moved 2 in 0.06246638298034668 sec.

3     9 1 9 2 2 0

      3 0 2 5 1 3    8

001  Mirzaa moved 4 in 0.03073883056640625 sec.

3     9 1 9 2 3 1

      3 0 2 0 2 4    9

001  P3 moved 2 in 0.06177878379821777 sec.

3     9 2 10 3 0 1

      3 0 2 0 2 4    9

001  Mirzaa moved 5 in 0.03138303756713867 sec.

3     9 2 10 3 0 1

      3 0 2 0 0 5    10

001  Mirzaa moved 1 in 0.06216263771057129 sec.

3     9 2 10 0 0 1

      0 1 3 0 0 5    14

001  P3 moved 4 in 0.030535221099853516 sec.

4     10 3 0 0 0 2

      1 2 4 1 1 6    14

001  Mirzaa moved 3 in 0.030579090118408203 sec.

4     10 3 0 0 0 2

      1 2 0 2 2 7    15

001  Mirzaa moved 5 in 0.029819011688232422 sec.

4     10 3 0 0 0 2

      1 2 0 2 0 8    16

001  Mirzaa moved 6 in 0.04720282554626465 sec.

4     11 4 1 1 1 3

      2 2 0 2 0 0    17

001  P3 moved 1 in 0.03223586082458496 sec.

4     11 4 2 2 2 0

      2 2 0 2 0 0    17

001  Mirzaa moved 1 in 0.06327247619628906 sec.

4     11 4 0 2 2 0

      0 3 0 2 0 0    20

001  P3 moved 5 in 0.07790184020996094 sec.

5     12 0 0 2 2 0

      1 4 0 2 0 0    20

001  Mirzaa moved 2 in 0.07657265663146973 sec.

5     12 0 0 2 2 0

      1 0 1 3 1 0    21

001  P3 moved 3 in 0.04802680015563965 sec.

6     12 0 1 0 2 0

      1 0 1 3 1 0    21

001  Mirzaa moved 4 in 0.07709836959838867 sec.

6     12 0 1 0 2 0

      1 0 1 0 2 1    22

001  Mirzaa moved 6 in 0.04715228080749512 sec.

6     12 0 1 0 2 0

      1 0 1 0 2 0    23

001  Mirzaa moved 5 in 0.04575610160827637 sec.

6     12 0 1 0 2 0

      1 0 1 0 0 1    24

001  Mirzaa moved 1 in 0.03167295455932617 sec.

6     12 0 1 0 2 0

      0 0 1 0 0 1    25

001  P3 moved 4 in 0.07927083969116211 sec.

7     12 0 0 0 2 0

      0 0 1 0 0 1    25

001  Mirzaa moved 6 in 0.06324410438537598 sec.

7     12 0 0 0 2 0

      0 0 1 0 0 0    26

001  Mirzaa moved 3 in 0.04711747169494629 sec.

7     12 0 0 0 2 0

      0 0 0 0 0 0    27

000  The game ended correctly. Mirzaa: 27 P3: 21

000  Mirzaa win!

