001  Mirzaa moved 3 in 0.07460832595825195 sec.

0     4 4 4 4 4 4

      4 4 0 5 5 5    1

001  Mirzaa moved 4 in 0.04813718795776367 sec.

0     4 4 4 4 5 5

      4 4 0 0 6 6    2

001  P3 moved 1 in 0.04665827751159668 sec.

0     5 5 5 5 6 0

      4 4 0 0 6 6    2

001  Mirzaa moved 6 in 0.06244206428527832 sec.

0     5 6 6 6 7 1

      4 4 0 0 6 0    3

001  P3 moved 1 in 0.0312039852142334 sec.

0     5 6 6 6 8 0

      4 4 0 0 6 0    3

001  Mirzaa moved 2 in 0.0631721019744873 sec.

0     5 6 6 6 8 0

      4 0 1 1 7 0    4

001  P3 moved 4 in 0.06290173530578613 sec.

1     6 7 0 6 8 0

      5 1 2 1 7 0    4

001  Mirzaa moved 1 in 0.04761910438537598 sec.

1     6 7 0 6 8 0

      0 2 3 2 8 0    5

001  P3 moved 2 in 0.046836137771606445 sec.

2     7 8 1 7 0 0

      1 3 4 2 8 0    5

001  Mirzaa moved 3 in 0.03146791458129883 sec.

2     7 8 1 7 0 0

      1 3 0 3 9 1    6

001  Mirzaa moved 6 in 0.031621694564819336 sec.

2     7 8 1 7 0 0

      1 3 0 3 9 0    7

001  Mirzaa moved 4 in 0.06345748901367188 sec.

2     7 8 1 7 0 0

      1 3 0 0 10 1    8

001  Mirzaa moved 5 in 0.062233924865722656 sec.

2     8 9 2 8 1 1

      2 4 0 0 0 2    9

001  P3 moved 3 in 0.07986617088317871 sec.

3     9 10 3 0 1 1

      3 5 1 1 0 2    9

001  Mirzaa moved 2 in 0.01463627815246582 sec.

3     9 10 3 0 1 1

      3 0 2 2 1 3    10

001  Mirzaa moved 4 in 0.06188154220581055 sec.

3     9 10 3 0 1 1

      3 0 2 0 2 4    10

001  P3 moved 6 in 0.06223654747009277 sec.

4     0 10 3 0 2 2

      4 1 3 1 3 5    10

001  Mirzaa moved 6 in 0.04577445983886719 sec.

4     0 10 4 1 3 3

      4 1 3 1 3 0    11

001  P3 moved 5 in 0.09254980087280273 sec.

5     1 0 4 1 4 4

      5 2 4 2 4 1    11

001  Mirzaa moved 6 in 0.07788324356079102 sec.

5     1 0 4 1 4 4

      5 2 4 2 4 0    12

001  Mirzaa moved 3 in 0.045507192611694336 sec.

5     1 0 4 1 4 4

      5 2 0 3 5 1    13

001  Mirzaa moved 6 in 0.032631874084472656 sec.

5     1 0 4 1 4 4

      5 2 0 3 5 0    14

001  Mirzaa moved 4 in 0.07800149917602539 sec.

5     1 0 4 1 4 4

      5 2 0 0 6 1    15

001  Mirzaa moved 6 in 0.06325840950012207 sec.

5     1 0 4 1 4 4

      5 2 0 0 6 0    16

001  Mirzaa moved 1 in 0.09381747245788574 sec.

5     1 0 4 1 4 0

      0 3 1 1 7 0    21

001  P3 moved 2 in 0.07781553268432617 sec.

5     2 1 5 2 0 0

      0 3 1 1 7 0    21

001  Mirzaa moved 4 in 0.03109431266784668 sec.

5     2 1 5 2 0 0

      0 3 1 0 8 0    21

001  P3 moved 5 in 0.04638791084289551 sec.

5     3 0 5 2 0 0

      0 3 1 0 8 0    21

001  Mirzaa moved 3 in 0.0634920597076416 sec.

5     3 0 5 0 0 0

      0 3 0 0 8 0    24

001  P3 moved 4 in 0.10946154594421387 sec.

6     4 1 0 0 0 0

      1 4 0 0 8 0    24

001  Mirzaa moved 2 in 0.04098987579345703 sec.

6     4 1 0 0 0 0

      1 0 1 1 9 0    25

001  P3 moved 5 in 0.030864238739013672 sec.

6     5 0 0 0 0 0

      1 0 1 1 9 0    25

001  Mirzaa moved 5 in 0.028939485549926758 sec.

6     6 1 1 1 1 1

      2 0 1 1 0 1    26

001  P3 moved 3 in 0.06024456024169922 sec.

6     6 1 2 0 1 1

      2 0 1 1 0 1    26

001  Mirzaa moved 4 in 0.06436681747436523 sec.

6     6 1 2 0 0 1

      2 0 1 0 0 1    28

001  P3 moved 5 in 0.03426933288574219 sec.

6     7 0 2 0 0 1

      2 0 1 0 0 1    28

001  Mirzaa moved 3 in 0.026172399520874023 sec.

6     7 0 2 0 0 1

      2 0 0 0 0 1    29

001  P3 moved 1 in 0.030283212661743164 sec.

7     7 0 2 0 0 0

      2 0 0 0 0 1    29

001  Mirzaa moved 6 in 0.06212019920349121 sec.

7     7 0 2 0 0 0

      2 0 0 0 0 0    30

001  Mirzaa moved 1 in 0.016031503677368164 sec.

7     7 0 0 0 0 0

      0 1 0 0 0 0    33

001  P3 moved 6 in 0.0621030330657959 sec.

8     0 0 0 0 0 0

      1 2 1 1 1 1    33

000  The game ended correctly. Mirzaa: 40 P3: 8

000  Mirzaa win!

