001  P3 moved 2 in 0.05777287483215332 sec.

0     5 5 5 5 0 4

      4 4 4 4 4 4    0

001  Mirzaa moved 6 in 0.03112649917602539 sec.

0     5 5 5 6 1 5

      4 4 4 4 4 0    1

001  P3 moved 1 in 0.07761144638061523 sec.

0     6 6 6 7 2 0

      4 4 4 4 4 0    1

001  Mirzaa moved 3 in 0.04585909843444824 sec.

0     6 6 6 7 2 0

      4 4 0 5 5 1    2

001  Mirzaa moved 4 in 0.04719376564025879 sec.

0     6 6 6 7 3 1

      4 4 0 0 6 2    3

001  P3 moved 2 in 0.04608607292175293 sec.

0     6 7 7 8 0 1

      4 4 0 0 6 2    3

001  Mirzaa moved 6 in 0.031614065170288086 sec.

0     6 7 7 8 0 2

      4 4 0 0 6 0    4

001  P3 moved 1 in 0.04465985298156738 sec.

0     6 7 7 9 1 0

      4 4 0 0 6 0    4

001  Mirzaa moved 2 in 0.06314301490783691 sec.

0     6 7 7 9 1 0

      4 0 1 1 7 0    5

001  P3 moved 6 in 0.09316706657409668 sec.

1     0 7 7 9 1 0

      5 1 2 2 8 0    5

001  Mirzaa moved 1 in 0.0626060962677002 sec.

1     0 7 7 9 1 0

      0 2 3 3 9 0    6

001  P3 moved 4 in 0.04708695411682129 sec.

2     1 8 0 9 1 0

      1 3 4 4 9 0    6

001  Mirzaa moved 3 in 0.047594308853149414 sec.

2     1 8 0 9 1 0

      1 3 0 5 10 1    7

001  Mirzaa moved 5 in 0.04664182662963867 sec.

2     2 9 1 10 2 1

      2 4 0 5 0 2    8

001  P3 moved 3 in 0.031174898147583008 sec.

3     3 10 2 0 2 1

      3 5 1 6 1 3    8

001  Mirzaa moved 2 in 0.030679941177368164 sec.

3     3 10 2 0 2 1

      3 0 2 7 2 4    9

001  Mirzaa moved 5 in 0.06165575981140137 sec.

3     3 10 2 0 2 1

      3 0 2 7 0 5    10

001  Mirzaa moved 3 in 0.047287940979003906 sec.

3     3 10 2 0 0 1

      3 0 0 8 0 5    13

001  P3 moved 6 in 0.06299948692321777 sec.

4     0 10 2 0 0 1

      4 1 0 8 0 5    13

001  Mirzaa moved 2 in 0.0628046989440918 sec.

4     0 10 0 0 0 1

      4 0 0 8 0 5    16

001  P3 moved 5 in 0.07760810852050781 sec.

7     1 0 0 0 0 2

      5 1 1 9 0 6    16

001  Mirzaa moved 4 in 0.07760000228881836 sec.

7     2 1 1 1 1 3

      5 1 1 0 1 7    17

001  P3 moved 1 in 0.06108522415161133 sec.

7     2 1 2 2 2 0

      5 1 1 0 1 7    17

001  Mirzaa moved 3 in 0.030537843704223633 sec.

7     2 1 2 0 2 0

      5 1 0 0 1 7    20

001  P3 moved 4 in 0.047593116760253906 sec.

7     3 2 0 0 2 0

      5 1 0 0 1 7    20

001  Mirzaa moved 6 in 0.031552791595458984 sec.

7     4 3 1 1 3 1

      5 1 0 0 1 0    21

001  P3 moved 1 in 0.06210160255432129 sec.

7     4 3 1 1 4 0

      5 1 0 0 1 0    21

001  Mirzaa moved 2 in 0.07860064506530762 sec.

7     4 3 0 1 4 0

      5 0 0 0 1 0    23

001  P3 moved 5 in 0.060660362243652344 sec.

8     5 0 0 1 4 0

      6 0 0 0 1 0    23

001  Mirzaa moved 1 in 0.062108516693115234 sec.

8     5 0 0 1 4 0

      0 1 1 1 2 1    24

001  Mirzaa moved 6 in 0.03155207633972168 sec.

8     5 0 0 1 4 0

      0 1 1 1 2 0    25

001  Mirzaa moved 5 in 0.0460972785949707 sec.

8     5 0 0 1 4 0

      0 1 1 1 0 1    26

001  Mirzaa moved 4 in 0.018230915069580078 sec.

8     5 0 0 1 0 0

      0 1 1 0 0 1    31

001  P3 moved 6 in 0.04249262809753418 sec.

9     0 0 0 1 0 0

      1 2 2 1 0 1    31

001  Mirzaa moved 6 in 0.04690051078796387 sec.

9     0 0 0 1 0 0

      1 2 2 1 0 0    32

001  Mirzaa moved 3 in 0.07827258110046387 sec.

9     0 0 0 1 0 0

      1 2 0 2 0 0    33

001  P3 moved 3 in 0.031529903411865234 sec.

10     0 0 0 0 0 0

       1 2 0 2 0 0    33

000  The game ended correctly. Mirzaa: 38 P3: 10

000  Mirzaa win!

