001  P3 moved 1 in 0.044193267822265625 sec.

0     4 5 5 5 5 0

      4 4 4 4 4 4    0

001  Mirzaa moved 6 in 0.06296968460083008 sec.

0     4 5 5 6 6 1

      4 4 4 4 4 0    1

001  P3 moved 4 in 0.09184718132019043 sec.

1     5 6 0 6 6 1

      5 5 4 4 4 0    1

001  Mirzaa moved 2 in 0.06210517883300781 sec.

1     5 6 0 6 6 1

      5 0 5 5 5 1    2

001  Mirzaa moved 6 in 0.031577110290527344 sec.

1     5 6 0 6 6 1

      5 0 5 5 5 0    3

001  Mirzaa moved 1 in 0.07815217971801758 sec.

1     5 6 0 6 6 0

      0 1 6 6 6 0    5

001  P3 moved 6 in 0.06170058250427246 sec.

2     0 6 0 6 6 0

      1 2 7 7 6 0    5

001  Mirzaa moved 3 in 0.04710721969604492 sec.

2     0 6 0 7 7 1

      1 2 0 8 7 1    6

001  P3 moved 2 in 0.06177663803100586 sec.

3     1 7 1 8 0 1

      2 3 0 8 7 1    6

001  Mirzaa moved 6 in 0.07814693450927734 sec.

3     1 7 1 8 0 1

      2 3 0 8 7 0    7

001  Mirzaa moved 4 in 0.06315088272094727 sec.

3     1 8 2 9 1 2

      2 3 0 0 8 1    8

001  P3 moved 4 in 0.04608774185180664 sec.

3     2 9 0 9 1 2

      2 3 0 0 8 1    8

001  Mirzaa moved 1 in 0.0621640682220459 sec.

3     2 9 0 9 1 2

      0 4 0 0 8 1    9

001  P3 moved 5 in 0.016039609909057617 sec.

4     3 0 0 9 1 3

      1 5 1 1 9 2    9

001  Mirzaa moved 2 in 0.07769012451171875 sec.

4     3 0 0 9 1 3

      1 0 2 2 10 3    10

001  Mirzaa moved 5 in 0.04758810997009277 sec.

4     4 0 1 10 2 4

      2 0 2 2 0 4    13

001  P3 moved 3 in 0.04605817794799805 sec.

5     5 1 2 0 2 4

      3 1 3 3 1 5    13

001  Mirzaa moved 4 in 0.06226348876953125 sec.

5     5 1 2 0 2 4

      3 1 3 0 2 6    14

001  Mirzaa moved 1 in 0.06316781044006348 sec.

5     5 1 2 0 2 4

      0 2 4 0 2 6    15

001  P3 moved 4 in 0.062076568603515625 sec.

5     6 2 0 0 2 4

      0 2 4 0 2 6    15

001  Mirzaa moved 5 in 0.046051025390625 sec.

5     6 2 0 0 2 4

      0 2 4 0 0 7    16

001  Mirzaa moved 3 in 0.031553030014038086 sec.

5     6 2 0 0 2 4

      0 2 0 1 1 8    17

001  Mirzaa moved 6 in 0.04559063911437988 sec.

5     0 3 1 1 3 5

      0 2 0 1 1 0    26

001  P3 moved 2 in 0.06311392784118652 sec.

5     0 4 2 2 0 5

      0 2 0 1 1 0    26

001  Mirzaa moved 5 in 0.04704403877258301 sec.

5     0 4 2 2 0 0

      0 2 0 1 0 0    32

001  P3 moved 4 in 0.09364008903503418 sec.

6     0 5 0 2 0 0

      0 2 0 1 0 0    32

001  Mirzaa moved 4 in 0.09365725517272949 sec.

6     0 5 0 2 0 0

      0 2 0 0 0 0    33

001  P3 moved 5 in 0.0790872573852539 sec.

7     1 0 0 2 0 0

      1 3 1 0 0 0    33

001  Mirzaa moved 3 in 0.06183004379272461 sec.

7     1 0 0 0 0 0

      1 3 0 0 0 0    36

001  P3 moved 6 in 0.04760026931762695 sec.

8     0 0 0 0 0 0

      1 3 0 0 0 0    36

000  The game ended correctly. Mirzaa: 40 P3: 8

000  Mirzaa win!

