001  Mirzaa moved 3 in 0.0566403865814209 sec.

0     4 4 4 4 4 4

      4 4 0 5 5 5    1

001  Mirzaa moved 4 in 0.031616926193237305 sec.

0     4 4 4 4 5 5

      4 4 0 0 6 6    2

001  P3 moved 5 in 0.04578065872192383 sec.

1     5 0 4 4 5 5

      5 5 0 0 6 6    2

001  Mirzaa moved 2 in 0.030414819717407227 sec.

1     5 0 4 4 5 5

      5 0 1 1 7 7    3

001  Mirzaa moved 5 in 0.04603719711303711 sec.

1     5 1 5 5 6 6

      5 0 1 1 0 8    4

001  P3 moved 3 in 0.06232953071594238 sec.

2     6 2 6 0 6 6

      6 0 1 1 0 8    4

001  Mirzaa moved 4 in 0.0308682918548584 sec.

2     6 2 6 0 0 6

      6 0 1 0 0 8    11

001  P3 moved 6 in 0.09447073936462402 sec.

3     0 2 6 0 0 6

      7 1 2 1 1 8    11

001  Mirzaa moved 1 in 0.06215929985046387 sec.

3     0 2 6 0 0 7

      0 2 3 2 2 9    12

001  P3 moved 1 in 0.06392717361450195 sec.

4     1 3 7 1 1 0

      1 2 3 2 2 9    12

001  Mirzaa moved 6 in 0.04720258712768555 sec.

4     2 4 8 2 2 1

      2 3 3 2 2 0    13

001  P3 moved 4 in 0.0768740177154541 sec.

5     3 5 0 2 2 1

      3 4 4 3 3 0    13

001  Mirzaa moved 4 in 0.07854342460632324 sec.

5     3 5 0 2 2 1

      3 4 4 0 4 1    14

001  Mirzaa moved 6 in 0.06326436996459961 sec.

5     3 5 0 2 2 1

      3 4 4 0 4 0    15

001  Mirzaa moved 3 in 0.0315852165222168 sec.

5     3 5 0 2 2 1

      3 4 0 1 5 1    16

001  Mirzaa moved 5 in 0.04650378227233887 sec.

5     3 5 0 3 3 2

      3 4 0 1 0 2    17

001  P3 moved 2 in 0.03151559829711914 sec.

5     3 6 1 4 0 2

      3 4 0 1 0 2    17

001  Mirzaa moved 4 in 0.04695487022399902 sec.

5     3 6 1 4 0 2

      3 4 0 0 0 2    18

001  P3 moved 5 in 0.0617520809173584 sec.

6     4 0 1 4 0 2

      4 5 1 1 0 2    18

001  Mirzaa moved 2 in 0.07984662055969238 sec.

6     4 0 1 4 0 2

      4 0 2 2 1 3    19

001  Mirzaa moved 4 in 0.06330704689025879 sec.

6     4 0 1 4 0 2

      4 0 2 0 2 4    19

001  P3 moved 6 in 0.04603409767150879 sec.

7     0 0 1 4 0 2

      5 1 3 0 2 4    19

001  Mirzaa moved 6 in 0.06227302551269531 sec.

7     0 0 1 5 1 3

      5 1 3 0 2 0    20

001  P3 moved 1 in 0.0801854133605957 sec.

7     0 0 2 6 2 0

      5 1 3 0 2 0    20

001  Mirzaa moved 5 in 0.06456184387207031 sec.

7     0 0 2 6 2 0

      5 1 3 0 0 1    21

001  Mirzaa moved 6 in 0.07895565032958984 sec.

7     0 0 2 6 2 0

      5 1 3 0 0 0    22

001  Mirzaa moved 1 in 0.03094196319580078 sec.

7     0 0 2 6 2 0

      0 2 4 1 1 0    23

001  P3 moved 4 in 0.06283903121948242 sec.

8     0 1 0 6 2 0

      0 2 4 1 1 0    23

001  Mirzaa moved 3 in 0.04773378372192383 sec.

8     0 1 0 6 2 0

      0 2 0 2 2 1    24

001  Mirzaa moved 6 in 0.047217607498168945 sec.

8     0 1 0 6 2 0

      0 2 0 2 2 0    25

001  Mirzaa moved 5 in 0.06330180168151855 sec.

8     0 1 0 6 2 0

      0 2 0 2 0 1    26

001  Mirzaa moved 6 in 0.046984195709228516 sec.

8     0 1 0 6 2 0

      0 2 0 2 0 0    27

001  Mirzaa moved 4 in 0.09308147430419922 sec.

8     0 1 0 6 2 0

      0 2 0 0 1 0    28

001  P3 moved 5 in 0.04758286476135254 sec.

9     0 0 0 6 2 0

      0 2 0 0 1 0    28

001  Mirzaa moved 2 in 0.06190967559814453 sec.

9     0 0 0 0 2 0

      0 0 1 0 1 0    35

001  P3 moved 2 in 0.030545711517333984 sec.

11     0 0 0 1 0 0

       0 0 0 0 1 0    35

001  Mirzaa moved 5 in 0.030566692352294922 sec.

11     0 0 0 1 0 0

       0 0 0 0 0 0    36

000  The game ended correctly. Mirzaa: 36 P3: 12

000  Mirzaa win!

