001  Mirzaa moved 3 in 0.06476235389709473 sec.

0     4 4 4 4 4 4

      4 4 0 5 5 5    1

001  Mirzaa moved 4 in 0.06226229667663574 sec.

0     4 4 4 4 5 5

      4 4 0 0 6 6    2

001  P3 moved 6 in 0.0471043586730957 sec.

1     0 4 4 4 5 5

      5 5 1 0 6 6    2

001  Mirzaa moved 2 in 0.0932612419128418 sec.

1     0 4 4 4 5 5

      5 0 2 1 7 7    3

001  Mirzaa moved 5 in 0.030556678771972656 sec.

1     0 5 5 5 6 6

      5 0 2 1 0 8    4

001  P3 moved 4 in 0.0465848445892334 sec.

2     1 6 0 5 6 6

      6 1 2 1 0 8    4

001  Mirzaa moved 3 in 0.07868337631225586 sec.

2     1 6 0 5 0 6

      6 1 0 2 0 8    11

001  P3 moved 5 in 0.04758858680725098 sec.

3     2 0 0 5 0 6

      7 2 1 3 0 8    11

001  Mirzaa moved 4 in 0.064178466796875 sec.

3     2 0 0 5 0 6

      7 2 1 0 1 9    12

001  Mirzaa moved 6 in 0.06313657760620117 sec.

3     3 1 1 6 1 7

      8 3 1 0 1 0    13

001  P3 moved 4 in 0.031101465225219727 sec.

3     3 2 0 6 1 7

      8 3 1 0 1 0    13

001  Mirzaa moved 5 in 0.030107975006103516 sec.

3     3 2 0 6 1 0

      8 3 1 0 0 0    21

001  P3 moved 6 in 0.06312942504882812 sec.

4     0 2 0 6 1 0

      9 4 1 0 0 0    21

001  Mirzaa moved 3 in 0.062109947204589844 sec.

4     0 2 0 0 1 0

      9 4 0 0 0 0    28

001  P3 moved 5 in 0.015517950057983398 sec.

5     1 0 0 0 1 0

      9 4 0 0 0 0    28

001  P3 moved 2 in 0.07916927337646484 sec.

6     1 0 0 0 0 0

      9 4 0 0 0 0    28

001  Mirzaa moved 2 in 0.07765436172485352 sec.

6     1 0 0 0 0 0

      9 0 1 1 1 0    29

001  P3 moved 6 in 0.079193115234375 sec.

7     0 0 0 0 0 0

      9 0 1 1 1 0    29

000  The game ended correctly. Mirzaa: 41 P3: 7

000  Mirzaa win!

