001  P3 moved 4 in 0.03166532516479492 sec.

1     5 5 0 4 4 4

      5 4 4 4 4 4    0

001  Mirzaa moved 3 in 0.04667258262634277 sec.

1     5 5 0 4 4 4

      5 4 0 5 5 5    1

001  Mirzaa moved 4 in 0.04789400100708008 sec.

1     5 5 0 4 5 5

      5 4 0 0 6 6    2

001  P3 moved 6 in 0.03172469139099121 sec.

2     0 5 0 4 5 5

      6 5 1 1 6 6    2

001  Mirzaa moved 2 in 0.03160452842712402 sec.

2     0 5 0 4 5 5

      6 0 2 2 7 7    3

001  Mirzaa moved 1 in 0.045659542083740234 sec.

2     0 5 0 4 5 5

      0 1 3 3 8 8    4

001  Mirzaa moved 4 in 0.06210446357727051 sec.

2     0 5 0 4 5 5

      0 1 3 0 9 9    5

001  Mirzaa moved 5 in 0.061783790588378906 sec.

2     0 6 1 5 6 6

      0 1 3 0 0 10    8

001  P3 moved 1 in 0.06345653533935547 sec.

3     1 7 2 6 7 0

      0 1 3 0 0 10    8

001  P3 moved 6 in 0.0791921615600586 sec.

4     0 7 2 6 7 0

      0 1 3 0 0 10    8

001  P3 moved 3 in 0.0471804141998291 sec.

5     1 8 3 0 7 0

      1 2 3 0 0 10    8

001  Mirzaa moved 6 in 0.06307339668273926 sec.

5     2 9 4 1 8 1

      2 3 4 0 0 0    9

001  P3 moved 3 in 0.03153419494628906 sec.

5     2 9 5 0 8 1

      2 3 4 0 0 0    9

001  Mirzaa moved 2 in 0.030557632446289062 sec.

5     2 9 5 0 0 1

      2 0 5 1 0 0    18

001  P3 moved 1 in 0.031549692153930664 sec.

6     2 9 5 0 0 0

      2 0 5 1 0 0    18

001  Mirzaa moved 3 in 0.03153586387634277 sec.

6     2 9 5 0 0 1

      2 0 0 2 1 1    19

001  P3 moved 4 in 0.01615285873413086 sec.

7     3 10 0 0 0 1

      3 1 0 2 1 1    19

001  Mirzaa moved 6 in 0.029651165008544922 sec.

7     3 10 0 0 0 1

      3 1 0 2 1 0    20

001  Mirzaa moved 5 in 0.06311678886413574 sec.

7     3 10 0 0 0 0

      3 1 0 2 0 0    22

001  P3 moved 6 in 0.047582149505615234 sec.

8     0 10 0 0 0 0

      4 2 0 2 0 0    22

001  Mirzaa moved 1 in 0.047054290771484375 sec.

8     0 10 0 0 0 0

      0 3 1 3 0 0    23

001  P3 moved 5 in 0.06312131881713867 sec.

11     1 0 0 0 0 1

       1 4 2 4 0 1    23

001  Mirzaa moved 6 in 0.07821297645568848 sec.

11     1 0 0 0 0 1

       1 4 2 4 0 0    24

001  Mirzaa moved 2 in 0.046066999435424805 sec.

11     1 0 0 0 0 0

       1 0 3 5 1 0    26

001  P3 moved 6 in 0.03155112266540527 sec.

12     0 0 0 0 0 0

       1 0 3 5 1 0    26

000  The game ended correctly. Mirzaa: 36 P3: 12

000  Mirzaa win!

