001  P3 moved 4 in 0.06827878952026367 sec.

1     5 5 0 4 4 4

      5 4 4 4 4 4    0

001  Mirzaa moved 3 in 0.06234908103942871 sec.

1     5 5 0 4 4 4

      5 4 0 5 5 5    1

001  Mirzaa moved 4 in 0.0477747917175293 sec.

1     5 5 0 4 5 5

      5 4 0 0 6 6    2

001  P3 moved 6 in 0.07795071601867676 sec.

2     0 5 0 4 5 5

      6 5 1 1 6 6    2

001  Mirzaa moved 2 in 0.06373095512390137 sec.

2     0 5 0 4 5 5

      6 0 2 2 7 7    3

001  Mirzaa moved 1 in 0.047467708587646484 sec.

2     0 5 0 4 5 5

      0 1 3 3 8 8    4

001  Mirzaa moved 4 in 0.06220722198486328 sec.

2     0 5 0 4 5 5

      0 1 3 0 9 9    5

001  Mirzaa moved 5 in 0.03162121772766113 sec.

2     0 6 1 5 6 6

      0 1 3 0 0 10    8

001  P3 moved 4 in 0.03065323829650879 sec.

2     0 7 0 5 6 6

      0 1 3 0 0 10    8

001  Mirzaa moved 6 in 0.047194480895996094 sec.

2     1 8 1 6 7 7

      1 2 4 0 0 0    9

001  P3 moved 5 in 0.07927680015563965 sec.

3     2 0 1 6 7 7

      2 3 5 1 1 1    9

001  Mirzaa moved 6 in 0.06231689453125 sec.

3     2 0 1 6 7 7

      2 3 5 1 1 0    10

001  Mirzaa moved 5 in 0.029837846755981445 sec.

3     2 0 1 6 7 0

      2 3 5 1 0 0    18

001  P3 moved 4 in 0.03174114227294922 sec.

7     2 0 0 6 7 0

      2 0 5 1 0 0    18

001  Mirzaa moved 4 in 0.03146481513977051 sec.

7     2 0 0 6 0 0

      2 0 5 0 0 0    26

001  P3 moved 6 in 0.04680895805358887 sec.

8     0 0 0 6 0 0

      3 0 5 0 0 0    26

001  Mirzaa moved 1 in 0.016040325164794922 sec.

8     0 0 0 0 0 0

      0 1 6 0 0 0    33

000  The game ended correctly. Mirzaa: 40 P3: 8

000  Mirzaa win!

