001  Mirzaa moved 3 in 0.015349626541137695 sec.

0     4 4 4 4 4 4

      4 4 0 5 5 5    1

001  Mirzaa moved 4 in 0.061240434646606445 sec.

0     4 4 4 4 5 5

      4 4 0 0 6 6    2

001  P3 moved 4 in 0.04610157012939453 sec.

1     5 5 0 4 5 5

      5 4 0 0 6 6    2

001  Mirzaa moved 5 in 0.04673361778259277 sec.

1     5 5 1 5 6 6

      5 4 0 0 0 7    3

001  P3 moved 5 in 0.04606342315673828 sec.

2     6 0 1 5 6 6

      6 5 1 0 0 7    3

001  Mirzaa moved 1 in 0.04559683799743652 sec.

2     6 0 1 5 6 6

      0 6 2 1 1 8    4

001  Mirzaa moved 6 in 0.03153419494628906 sec.

2     0 1 2 6 7 7

      0 6 2 1 1 0    13

001  P3 moved 5 in 0.015061140060424805 sec.

3     0 0 2 6 7 7

      0 6 2 1 1 0    13

001  Mirzaa moved 5 in 0.04586529731750488 sec.

3     0 0 2 6 7 0

      0 6 2 1 0 0    21

001  P3 moved 2 in 0.06326127052307129 sec.

4     1 1 3 7 0 0

      1 7 2 1 0 0    21

001  Mirzaa moved 1 in 0.06322836875915527 sec.

4     1 1 3 7 0 0

      0 8 2 1 0 0    21

001  P3 moved 3 in 0.07780194282531738 sec.

5     2 2 4 0 0 0

      1 9 3 1 0 0    21

001  Mirzaa moved 2 in 0.06316471099853516 sec.

5     2 2 5 1 1 1

      1 0 4 2 1 1    22

001  P3 moved 2 in 0.04706907272338867 sec.

5     2 2 5 2 0 1

      1 0 4 2 1 1    22

001  Mirzaa moved 3 in 0.06278586387634277 sec.

5     2 2 5 2 0 1

      1 0 0 3 2 2    23

001  Mirzaa moved 5 in 0.027654647827148438 sec.

5     2 2 5 2 0 1

      1 0 0 3 0 3    24

001  Mirzaa moved 1 in 0.04573559761047363 sec.

5     2 0 5 2 0 1

      0 0 0 3 0 3    27

001  P3 moved 4 in 0.06285285949707031 sec.

6     3 1 0 2 0 1

      1 1 0 3 0 3    27

001  Mirzaa moved 2 in 0.046248435974121094 sec.

6     3 1 0 2 0 1

      1 0 0 3 0 3    28

001  P3 moved 1 in 0.062238216400146484 sec.

7     3 1 0 2 0 0

      1 0 0 3 0 3    28

001  Mirzaa moved 1 in 0.04546022415161133 sec.

7     3 0 0 2 0 0

      0 0 0 3 0 3    30

001  P3 moved 6 in 0.046134233474731445 sec.

8     0 0 0 2 0 0

      1 1 0 3 0 3    30

001  Mirzaa moved 2 in 0.06341361999511719 sec.

8     0 0 0 2 0 0

      1 0 0 3 0 3    31

001  P3 moved 3 in 0.03149080276489258 sec.

9     0 0 1 0 0 0

      1 0 0 3 0 3    31

001  Mirzaa moved 4 in 0.06211280822753906 sec.

9     0 0 1 0 0 0

      1 0 0 0 1 4    32

001  Mirzaa moved 6 in 0.0637660026550293 sec.

9     0 0 1 1 1 1

      1 0 0 0 1 0    33

001  P3 moved 1 in 0.062021493911743164 sec.

9     0 0 1 1 2 0

      1 0 0 0 1 0    33

001  Mirzaa moved 1 in 0.07938146591186523 sec.

9     0 0 1 1 2 0

      0 0 0 0 1 0    34

001  P3 moved 4 in 0.0472562313079834 sec.

10     0 0 0 1 2 0

       0 0 0 0 1 0    34

001  Mirzaa moved 5 in 0.06238389015197754 sec.

10     0 0 0 1 2 0

       0 0 0 0 0 0    35

000  The game ended correctly. Mirzaa: 35 P3: 13

000  Mirzaa win!

