001  P3 moved 4 in 0.0460820198059082 sec.

1     5 5 0 4 4 4

      5 4 4 4 4 4    0

001  Mirzaa moved 3 in 0.04667401313781738 sec.

1     5 5 0 4 4 4

      5 4 0 5 5 5    1

001  Mirzaa moved 4 in 0.046132802963256836 sec.

1     5 5 0 4 5 5

      5 4 0 0 6 6    2

001  P3 moved 6 in 0.03153252601623535 sec.

2     0 5 0 4 5 5

      6 5 1 1 6 6    2

001  Mirzaa moved 2 in 0.04480242729187012 sec.

2     0 5 0 4 5 5

      6 0 2 2 7 7    3

001  Mirzaa moved 1 in 0.03056049346923828 sec.

2     0 5 0 4 5 5

      0 1 3 3 8 8    4

001  Mirzaa moved 4 in 0.06138920783996582 sec.

2     0 5 0 4 5 5

      0 1 3 0 9 9    5

001  Mirzaa moved 5 in 0.06292104721069336 sec.

2     0 6 1 5 6 6

      0 1 3 0 0 10    8

001  P3 moved 3 in 0.06259393692016602 sec.

3     1 7 2 0 6 6

      1 1 3 0 0 10    8

001  Mirzaa moved 1 in 0.031178951263427734 sec.

3     1 7 2 0 6 6

      0 2 3 0 0 10    8

001  P3 moved 2 in 0.07862615585327148 sec.

4     2 8 3 1 0 6

      1 2 3 0 0 10    8

001  Mirzaa moved 6 in 0.04704546928405762 sec.

4     3 9 4 2 1 7

      2 3 4 0 0 0    9

001  P3 moved 4 in 0.031740665435791016 sec.

5     4 10 0 2 1 7

      3 3 4 0 0 0    9

001  Mirzaa moved 3 in 0.04607248306274414 sec.

5     4 10 0 2 1 7

      3 3 0 1 1 1    10

001  Mirzaa moved 6 in 0.047812461853027344 sec.

5     4 10 0 2 1 7

      3 3 0 1 1 0    11

001  Mirzaa moved 5 in 0.04656696319580078 sec.

5     4 10 0 2 1 0

      3 3 0 1 0 0    19

001  P3 moved 2 in 0.06311583518981934 sec.

5     4 10 0 3 0 0

      3 3 0 1 0 0    19

001  Mirzaa moved 2 in 0.06216096878051758 sec.

5     4 10 0 3 0 0

      3 0 1 2 0 0    20

001  P3 moved 5 in 0.04709959030151367 sec.

8     5 0 0 3 0 1

      4 1 2 3 0 1    20

001  Mirzaa moved 6 in 0.046677350997924805 sec.

8     5 0 0 3 0 1

      4 1 2 3 0 0    21

001  Mirzaa moved 4 in 0.03154706954956055 sec.

8     5 0 0 3 0 1

      4 1 2 0 1 1    22

001  Mirzaa moved 6 in 0.07861185073852539 sec.

8     5 0 0 3 0 1

      4 1 2 0 1 0    23

001  Mirzaa moved 5 in 0.04757881164550781 sec.

8     5 0 0 3 0 0

      4 1 2 0 0 0    25

001  P3 moved 6 in 0.06313467025756836 sec.

9     0 0 0 3 0 0

      5 2 3 1 0 0    25

001  Mirzaa moved 1 in 0.06310057640075684 sec.

9     0 0 0 3 0 0

      0 3 4 2 1 0    26

001  P3 moved 3 in 0.03152918815612793 sec.

10     0 1 1 0 0 0

       0 3 4 2 1 0    26

001  Mirzaa moved 3 in 0.06307482719421387 sec.

10     0 1 1 0 0 0

       0 3 0 3 2 1    27

001  Mirzaa moved 5 in 0.04703068733215332 sec.

10     0 1 1 0 0 0

       0 3 0 3 0 2    28

001  Mirzaa moved 2 in 0.06144380569458008 sec.

10     0 1 1 0 0 0

       0 0 1 4 0 2    29

001  P3 moved 5 in 0.06275558471679688 sec.

11     0 0 1 0 0 0

       0 0 1 4 0 2    29

001  Mirzaa moved 6 in 0.015048027038574219 sec.

11     0 0 1 0 0 1

       0 0 1 4 0 0    30

001  P3 moved 1 in 0.047027587890625 sec.

12     0 0 1 0 0 0

       0 0 1 4 0 0    30

001  Mirzaa moved 4 in 0.06312346458435059 sec.

12     0 0 1 0 0 1

       0 0 1 0 1 1    31

001  P3 moved 1 in 0.030568599700927734 sec.

14     0 0 1 0 0 0

       0 0 1 0 0 1    31

001  Mirzaa moved 6 in 0.03156113624572754 sec.

14     0 0 1 0 0 0

       0 0 1 0 0 0    32

001  Mirzaa moved 3 in 0.03153824806213379 sec.

14     0 0 1 0 0 0

       0 0 0 0 0 0    33

000  The game ended correctly. Mirzaa: 33 P3: 15

000  Mirzaa win!

